序号,传输方向,时间标识,名称,帧ID(靠右对齐),帧格式,帧类型,数据长度,数据(HEX)
0,接收,16:43:21:676,,0x081e56f4,数据帧,扩展帧,04,00 01 00 00 
1,接收,16:43:21:737,,0x18ff56f4,数据帧,扩展帧,01,03 
2,接收,16:43:21:917,,0x081e56f4,数据帧,扩展帧,04,00 01 00 00 
3,接收,16:43:21:987,,0x18ff56f4,数据帧,扩展帧,01,03 
4,接收,16:43:22:167,,0x081e56f4,数据帧,扩展帧,04,00 01 00 00 
5,接收,16:43:22:237,,0x18ff56f4,数据帧,扩展帧,01,03 
6,接收,16:43:22:418,,0x081e56f4,数据帧,扩展帧,04,00 01 00 00 
7,接收,16:43:22:488,,0x18ff56f4,数据帧,扩展帧,01,03 
8,接收,16:43:22:668,,0x081e56f4,数据帧,扩展帧,04,00 01 00 00 
9,接收,16:43:22:739,,0x18ff56f4,数据帧,扩展帧,01,03 
10,接收,16:43:22:919,,0x081e56f4,数据帧,扩展帧,04,00 01 00 00 
11,接收,16:43:22:989,,0x18ff56f4,数据帧,扩展帧,01,03 
12,接收,16:43:23:161,,0x081e56f4,数据帧,扩展帧,04,00 01 00 00 
13,接收,16:43:23:241,,0x18ff56f4,数据帧,扩展帧,01,03 
14,接收,16:43:23:411,,0x081e56f4,数据帧,扩展帧,04,00 01 00 00 
15,接收,16:43:23:491,,0x18ff56f4,数据帧,扩展帧,01,03 
16,接收,16:43:23:661,,0x081e56f4,数据帧,扩展帧,04,00 01 00 00 
17,接收,16:43:23:743,,0x18ff56f4,数据帧,扩展帧,01,03 
18,接收,16:43:23:913,,0x081e56f4,数据帧,扩展帧,04,00 01 00 00 
19,接收,16:43:23:993,,0x18ff56f4,数据帧,扩展帧,01,03 
20,接收,16:43:24:163,,0x081e56f4,数据帧,扩展帧,04,00 01 00 00 
21,接收,16:43:24:243,,0x18ff56f4,数据帧,扩展帧,01,03 
22,接收,16:43:24:413,,0x081e56f4,数据帧,扩展帧,04,00 01 00 00 
23,接收,16:43:24:493,,0x18ff56f4,数据帧,扩展帧,01,03 
24,接收,16:43:24:663,,0x081e56f4,数据帧,扩展帧,04,00 01 00 00 
25,接收,16:43:24:744,,0x18ff56f4,数据帧,扩展帧,01,03 
26,接收,16:43:24:914,,0x081e56f4,数据帧,扩展帧,04,00 01 00 00 
27,接收,16:43:24:994,,0x18ff56f4,数据帧,扩展帧,01,03 
28,接收,16:43:25:164,,0x081e56f4,数据帧,扩展帧,04,00 01 00 00 
29,接收,16:43:25:244,,0x18ff56f4,数据帧,扩展帧,01,03 
30,接收,16:43:25:414,,0x081e56f4,数据帧,扩展帧,04,00 01 00 00 
31,接收,16:43:25:494,,0x18ff56f4,数据帧,扩展帧,01,03 
32,接收,16:43:25:664,,0x081e56f4,数据帧,扩展帧,04,00 01 00 00 
33,接收,16:43:25:740,,0x18ff56f4,数据帧,扩展帧,01,03 
34,接收,16:43:25:920,,0x081e56f4,数据帧,扩展帧,04,00 01 00 00 
35,接收,16:43:25:990,,0x18ff56f4,数据帧,扩展帧,01,03 
36,接收,16:43:26:170,,0x081e56f4,数据帧,扩展帧,04,00 01 00 00 
37,接收,16:43:26:240,,0x18ff56f4,数据帧,扩展帧,01,03 
38,接收,16:43:26:420,,0x081e56f4,数据帧,扩展帧,04,00 01 00 00 
39,接收,16:43:26:490,,0x18ff56f4,数据帧,扩展帧,01,03 
40,接收,16:43:26:670,,0x081e56f4,数据帧,扩展帧,04,00 01 00 00 
41,接收,16:43:26:741,,0x18ff56f4,数据帧,扩展帧,01,03 
42,接收,16:43:26:911,,0x081e56f4,数据帧,扩展帧,04,00 01 00 00 
43,接收,16:43:26:991,,0x18ff56f4,数据帧,扩展帧,01,03 
44,接收,16:43:27:161,,0x081e56f4,数据帧,扩展帧,04,00 01 00 00 
45,接收,16:43:27:241,,0x18ff56f4,数据帧,扩展帧,01,03 
46,接收,16:43:27:411,,0x081e56f4,数据帧,扩展帧,04,00 01 00 00 
47,接收,16:43:27:491,,0x18ff56f4,数据帧,扩展帧,01,03 
48,接收,16:43:27:671,,0x081e56f4,数据帧,扩展帧,04,00 01 00 00 
49,接收,16:43:27:742,,0x18ff56f4,数据帧,扩展帧,01,03 
50,接收,16:43:27:912,,0x081e56f4,数据帧,扩展帧,04,00 01 00 00 
51,接收,16:43:27:992,,0x18ff56f4,数据帧,扩展帧,01,03 
52,接收,16:43:28:162,,0x081e56f4,数据帧,扩展帧,04,00 01 00 00 
53,接收,16:43:28:242,,0x18ff56f4,数据帧,扩展帧,01,03 
54,接收,16:43:28:412,,0x081e56f4,数据帧,扩展帧,04,00 01 00 00 
55,接收,16:43:28:492,,0x18ff56f4,数据帧,扩展帧,01,03 
56,接收,16:43:28:662,,0x081e56f4,数据帧,扩展帧,04,00 01 00 00 
57,接收,16:43:28:743,,0x18ff56f4,数据帧,扩展帧,01,03 
58,接收,16:43:28:913,,0x081e56f4,数据帧,扩展帧,04,00 01 00 00 
59,接收,16:43:28:993,,0x18ff56f4,数据帧,扩展帧,01,03 
60,接收,16:43:29:163,,0x081e56f4,数据帧,扩展帧,04,00 01 00 00 
61,接收,16:43:29:243,,0x18ff56f4,数据帧,扩展帧,01,03 
62,接收,16:43:29:413,,0x081e56f4,数据帧,扩展帧,04,00 01 00 00 
63,接收,16:43:29:493,,0x18ff56f4,数据帧,扩展帧,01,03 
64,接收,16:43:29:663,,0x081e56f4,数据帧,扩展帧,04,00 01 00 00 
65,接收,16:43:29:745,,0x18ff56f4,数据帧,扩展帧,01,03 
66,接收,16:43:29:915,,0x081e56f4,数据帧,扩展帧,04,00 01 00 00 
67,接收,16:43:29:993,,0x18ff56f4,数据帧,扩展帧,01,03 
68,接收,16:43:30:163,,0x081e56f4,数据帧,扩展帧,04,00 01 00 00 
69,接收,16:43:30:243,,0x18ff56f4,数据帧,扩展帧,01,03 
70,接收,16:43:30:413,,0x081e56f4,数据帧,扩展帧,04,00 01 00 00 
71,接收,16:43:30:493,,0x18ff56f4,数据帧,扩展帧,01,03 
72,接收,16:43:30:663,,0x081e56f4,数据帧,扩展帧,04,00 01 00 00 
73,接收,16:43:30:745,,0x18ff56f4,数据帧,扩展帧,01,03 
74,接收,16:43:30:915,,0x081e56f4,数据帧,扩展帧,04,00 01 00 00 
75,接收,16:43:30:995,,0x18ff56f4,数据帧,扩展帧,01,03 
76,接收,16:43:31:165,,0x081e56f4,数据帧,扩展帧,04,00 01 00 00 
77,接收,16:43:31:245,,0x18ff56f4,数据帧,扩展帧,01,03 
78,接收,16:43:31:415,,0x081e56f4,数据帧,扩展帧,04,00 01 00 00 
79,接收,16:43:31:495,,0x18ff56f4,数据帧,扩展帧,01,03 
80,接收,16:43:31:665,,0x081e56f4,数据帧,扩展帧,04,00 01 00 00 
81,接收,16:43:31:737,,0x18ff56f4,数据帧,扩展帧,01,03 
82,接收,16:43:31:917,,0x081e56f4,数据帧,扩展帧,04,00 01 00 00 
83,接收,16:43:31:987,,0x18ff56f4,数据帧,扩展帧,01,03 
84,接收,16:43:32:167,,0x081e56f4,数据帧,扩展帧,04,00 01 00 00 
85,接收,16:43:32:237,,0x18ff56f4,数据帧,扩展帧,01,03 
86,接收,16:43:32:417,,0x081e56f4,数据帧,扩展帧,04,00 01 00 00 
87,接收,16:43:32:487,,0x18ff56f4,数据帧,扩展帧,01,03 
88,接收,16:43:32:667,,0x081e56f4,数据帧,扩展帧,04,00 01 00 00 
89,接收,16:43:32:738,,0x18ff56f4,数据帧,扩展帧,01,03 
90,接收,16:43:32:918,,0x081e56f4,数据帧,扩展帧,04,00 01 00 00 
91,接收,16:43:32:988,,0x18ff56f4,数据帧,扩展帧,01,03 
92,接收,16:43:33:168,,0x081e56f4,数据帧,扩展帧,04,00 01 00 00 
93,接收,16:43:33:238,,0x18ff56f4,数据帧,扩展帧,01,03 
94,接收,16:43:33:418,,0x081e56f4,数据帧,扩展帧,04,00 01 00 00 
95,接收,16:43:33:488,,0x18ff56f4,数据帧,扩展帧,01,03 
96,接收,16:43:33:668,,0x081e56f4,数据帧,扩展帧,04,00 01 00 00 
97,接收,16:43:33:739,,0x18ff56f4,数据帧,扩展帧,01,03 
98,接收,16:43:33:919,,0x081e56f4,数据帧,扩展帧,04,00 01 00 00 
99,接收,16:43:33:989,,0x18ff56f4,数据帧,扩展帧,01,03 
100,接收,16:43:34:169,,0x081e56f4,数据帧,扩展帧,04,00 01 00 00 
101,接收,16:43:34:239,,0x18ff56f4,数据帧,扩展帧,01,03 
102,接收,16:43:34:419,,0x081e56f4,数据帧,扩展帧,04,00 01 00 00 
103,接收,16:43:34:489,,0x18ff56f4,数据帧,扩展帧,01,03 
104,接收,16:43:34:669,,0x081e56f4,数据帧,扩展帧,04,00 01 00 00 
105,接收,16:43:34:740,,0x18ff56f4,数据帧,扩展帧,01,03 
106,接收,16:43:34:920,,0x081e56f4,数据帧,扩展帧,04,00 01 00 00 
107,接收,16:43:34:990,,0x18ff56f4,数据帧,扩展帧,01,03 
108,接收,16:43:35:170,,0x081e56f4,数据帧,扩展帧,04,00 01 00 00 
109,接收,16:43:35:240,,0x18ff56f4,数据帧,扩展帧,01,03 
110,接收,16:43:35:420,,0x081e56f4,数据帧,扩展帧,04,00 01 00 00 
111,接收,16:43:35:490,,0x18ff56f4,数据帧,扩展帧,01,03 
112,接收,16:43:35:670,,0x081e56f4,数据帧,扩展帧,04,00 01 00 00 
113,接收,16:43:35:743,,0x18ff56f4,数据帧,扩展帧,01,03 
114,接收,16:43:35:917,,0x081e56f4,数据帧,扩展帧,04,00 01 00 00 
115,接收,16:43:35:987,,0x18ff56f4,数据帧,扩展帧,01,03 
116,接收,16:43:36:167,,0x081e56f4,数据帧,扩展帧,04,00 01 00 00 
117,接收,16:43:36:237,,0x18ff56f4,数据帧,扩展帧,01,03 
118,接收,16:43:36:417,,0x081e56f4,数据帧,扩展帧,04,00 01 00 00 
119,接收,16:43:36:487,,0x18ff56f4,数据帧,扩展帧,01,03 
120,接收,16:43:36:667,,0x081e56f4,数据帧,扩展帧,04,00 01 00 00 
121,接收,16:43:36:738,,0x18ff56f4,数据帧,扩展帧,01,03 
122,接收,16:43:36:918,,0x081e56f4,数据帧,扩展帧,04,00 01 00 00 
123,接收,16:43:36:988,,0x18ff56f4,数据帧,扩展帧,01,03 
124,接收,16:43:37:168,,0x081e56f4,数据帧,扩展帧,04,00 01 00 00 
125,接收,16:43:37:238,,0x18ff56f4,数据帧,扩展帧,01,03 
126,接收,16:43:37:418,,0x081e56f4,数据帧,扩展帧,04,00 01 00 00 
127,接收,16:43:37:488,,0x18ff56f4,数据帧,扩展帧,01,03 
128,接收,16:43:37:668,,0x081e56f4,数据帧,扩展帧,04,00 01 00 00 
129,接收,16:43:37:739,,0x18ff56f4,数据帧,扩展帧,01,03 
130,接收,16:43:37:919,,0x081e56f4,数据帧,扩展帧,04,00 01 00 00 
131,接收,16:43:37:989,,0x18ff56f4,数据帧,扩展帧,01,03 
132,接收,16:43:38:169,,0x081e56f4,数据帧,扩展帧,04,00 01 00 00 
133,接收,16:43:38:239,,0x18ff56f4,数据帧,扩展帧,01,03 
134,接收,16:43:38:419,,0x081e56f4,数据帧,扩展帧,04,00 01 00 00 
135,接收,16:43:38:489,,0x18ff56f4,数据帧,扩展帧,01,03 
136,接收,16:43:38:669,,0x081e56f4,数据帧,扩展帧,04,00 01 00 00 
137,接收,16:43:38:745,,0x18ff56f4,数据帧,扩展帧,01,03 
138,接收,16:43:38:915,,0x081e56f4,数据帧,扩展帧,04,00 01 00 00 
139,接收,16:43:38:995,,0x18ff56f4,数据帧,扩展帧,01,03 
140,接收,16:43:39:165,,0x081e56f4,数据帧,扩展帧,04,00 01 00 00 
141,接收,16:43:39:245,,0x18ff56f4,数据帧,扩展帧,01,03 
142,接收,16:43:39:415,,0x081e56f4,数据帧,扩展帧,04,00 01 00 00 
143,接收,16:43:39:495,,0x18ff56f4,数据帧,扩展帧,01,03 
144,接收,16:43:39:665,,0x081e56f4,数据帧,扩展帧,04,00 01 00 00 
145,接收,16:43:39:746,,0x18ff56f4,数据帧,扩展帧,01,03 
146,接收,16:43:39:916,,0x081e56f4,数据帧,扩展帧,04,00 01 00 00 
147,接收,16:43:39:986,,0x18ff56f4,数据帧,扩展帧,01,03 
148,接收,16:43:40:166,,0x081e56f4,数据帧,扩展帧,04,00 01 00 00 
149,接收,16:43:40:236,,0x18ff56f4,数据帧,扩展帧,01,03 
150,接收,16:43:40:416,,0x081e56f4,数据帧,扩展帧,04,00 01 00 00 
151,接收,16:43:40:486,,0x18ff56f4,数据帧,扩展帧,01,03 
152,接收,16:43:40:666,,0x081e56f4,数据帧,扩展帧,04,00 01 00 00 
153,接收,16:43:40:737,,0x18ff56f4,数据帧,扩展帧,01,03 
154,接收,16:43:40:917,,0x081e56f4,数据帧,扩展帧,04,00 01 00 00 
155,接收,16:43:40:987,,0x18ff56f4,数据帧,扩展帧,01,03 
156,接收,16:43:41:167,,0x081e56f4,数据帧,扩展帧,04,00 01 00 00 
157,接收,16:43:41:237,,0x18ff56f4,数据帧,扩展帧,01,03 
158,接收,16:43:41:417,,0x081e56f4,数据帧,扩展帧,04,00 01 00 00 
159,接收,16:43:41:487,,0x18ff56f4,数据帧,扩展帧,01,03 
160,接收,16:43:41:667,,0x081e56f4,数据帧,扩展帧,04,00 01 00 00 
161,接收,16:43:41:739,,0x18ff56f4,数据帧,扩展帧,01,03 
162,接收,16:43:41:919,,0x081e56f4,数据帧,扩展帧,04,00 01 00 00 
163,接收,16:43:41:989,,0x18ff56f4,数据帧,扩展帧,01,03 
164,接收,16:43:42:169,,0x081e56f4,数据帧,扩展帧,04,00 01 00 00 
165,接收,16:43:42:239,,0x18ff56f4,数据帧,扩展帧,01,03 
166,接收,16:43:42:419,,0x081e56f4,数据帧,扩展帧,04,00 01 00 00 
167,接收,16:43:42:489,,0x18ff56f4,数据帧,扩展帧,01,03 
168,接收,16:43:42:669,,0x081e56f4,数据帧,扩展帧,04,00 01 00 00 
169,接收,16:43:42:740,,0x18ff56f4,数据帧,扩展帧,01,03 
170,接收,16:43:42:920,,0x081e56f4,数据帧,扩展帧,04,00 01 00 00 
171,接收,16:43:42:990,,0x18ff56f4,数据帧,扩展帧,01,03 
172,接收,16:43:43:170,,0x081e56f4,数据帧,扩展帧,04,00 01 00 00 
173,接收,16:43:43:240,,0x18ff56f4,数据帧,扩展帧,01,03 
174,接收,16:43:43:420,,0x081e56f4,数据帧,扩展帧,04,00 01 00 00 
175,接收,16:43:43:490,,0x18ff56f4,数据帧,扩展帧,01,03 
176,接收,16:43:43:670,,0x081e56f4,数据帧,扩展帧,04,00 01 00 00 
177,接收,16:43:43:742,,0x18ff56f4,数据帧,扩展帧,01,03 
178,接收,16:43:43:912,,0x081e56f4,数据帧,扩展帧,04,00 01 00 00 
179,接收,16:43:43:992,,0x18ff56f4,数据帧,扩展帧,01,03 
180,接收,16:43:44:162,,0x081e56f4,数据帧,扩展帧,04,00 01 00 00 
181,接收,16:43:44:242,,0x18ff56f4,数据帧,扩展帧,01,03 
182,接收,16:43:44:412,,0x081e56f4,数据帧,扩展帧,04,00 01 00 00 
183,接收,16:43:44:492,,0x18ff56f4,数据帧,扩展帧,01,03 
184,接收,16:43:44:662,,0x081e56f4,数据帧,扩展帧,04,00 01 00 00 
185,接收,16:43:44:742,,0x18ff56f4,数据帧,扩展帧,01,03 
186,接收,16:43:44:912,,0x081e56f4,数据帧,扩展帧,04,00 01 00 00 
187,接收,16:43:44:992,,0x18ff56f4,数据帧,扩展帧,01,03 
188,接收,16:43:45:162,,0x081e56f4,数据帧,扩展帧,04,00 01 00 00 
189,接收,16:43:45:242,,0x18ff56f4,数据帧,扩展帧,01,03 
190,接收,16:43:45:412,,0x081e56f4,数据帧,扩展帧,04,00 01 00 00 
191,接收,16:43:45:492,,0x18ff56f4,数据帧,扩展帧,01,03 
192,接收,16:43:45:662,,0x081e56f4,数据帧,扩展帧,04,00 01 00 00 
193,接收,16:43:45:743,,0x18ff56f4,数据帧,扩展帧,01,03 
194,接收,16:43:45:913,,0x081e56f4,数据帧,扩展帧,04,00 01 00 00 
195,接收,16:43:45:993,,0x18ff56f4,数据帧,扩展帧,01,03 
196,接收,16:43:46:163,,0x081e56f4,数据帧,扩展帧,04,00 01 00 00 
197,接收,16:43:46:243,,0x18ff56f4,数据帧,扩展帧,01,03 
198,接收,16:43:46:413,,0x081e56f4,数据帧,扩展帧,04,00 01 00 00 
199,接收,16:43:46:493,,0x18ff56f4,数据帧,扩展帧,01,03 
200,接收,16:43:46:663,,0x081e56f4,数据帧,扩展帧,04,00 01 00 00 
201,接收,16:43:46:745,,0x18ff56f4,数据帧,扩展帧,01,03 
202,接收,16:43:46:915,,0x081e56f4,数据帧,扩展帧,04,00 01 00 00 
203,接收,16:43:46:995,,0x18ff56f4,数据帧,扩展帧,01,03 
204,接收,16:43:47:165,,0x081e56f4,数据帧,扩展帧,04,00 01 00 00 
205,接收,16:43:47:245,,0x18ff56f4,数据帧,扩展帧,01,03 
206,接收,16:43:47:415,,0x081e56f4,数据帧,扩展帧,04,00 01 00 00 
207,接收,16:43:47:495,,0x18ff56f4,数据帧,扩展帧,01,03 
208,接收,16:43:47:665,,0x081e56f4,数据帧,扩展帧,04,00 01 00 00 
209,接收,16:43:47:746,,0x18ff56f4,数据帧,扩展帧,01,03 
210,接收,16:43:47:916,,0x081e56f4,数据帧,扩展帧,04,00 01 00 00 
211,接收,16:43:47:996,,0x18ff56f4,数据帧,扩展帧,01,03 
212,接收,16:43:48:166,,0x081e56f4,数据帧,扩展帧,04,00 01 00 00 
213,接收,16:43:48:246,,0x18ff56f4,数据帧,扩展帧,01,03 
214,接收,16:43:48:416,,0x081e56f4,数据帧,扩展帧,04,00 01 00 00 
215,接收,16:43:48:496,,0x18ff56f4,数据帧,扩展帧,01,03 
216,接收,16:43:48:666,,0x081e56f4,数据帧,扩展帧,04,00 01 00 00 
217,接收,16:43:48:741,,0x18ff56f4,数据帧,扩展帧,01,03 
218,接收,16:43:48:921,,0x081e56f4,数据帧,扩展帧,04,00 01 00 00 
219,接收,16:43:48:991,,0x18ff56f4,数据帧,扩展帧,01,03 
220,接收,16:43:49:171,,0x081e56f4,数据帧,扩展帧,04,00 01 00 00 
221,接收,16:43:49:241,,0x18ff56f4,数据帧,扩展帧,01,03 
222,接收,16:43:49:421,,0x081e56f4,数据帧,扩展帧,04,00 01 00 00 
223,接收,16:43:49:491,,0x18ff56f4,数据帧,扩展帧,01,03 
224,接收,16:43:49:666,,0x081e56f4,数据帧,扩展帧,04,00 01 00 00 
225,接收,16:43:49:738,,0x18ff56f4,数据帧,扩展帧,01,03 
226,接收,16:43:49:919,,0x081e56f4,数据帧,扩展帧,04,00 01 00 00 
227,接收,16:43:49:989,,0x18ff56f4,数据帧,扩展帧,01,03 
228,接收,16:43:50:169,,0x081e56f4,数据帧,扩展帧,04,00 01 00 00 
229,接收,16:43:50:239,,0x18ff56f4,数据帧,扩展帧,01,03 
230,接收,16:43:50:419,,0x081e56f4,数据帧,扩展帧,04,00 01 00 00 
231,接收,16:43:50:489,,0x18ff56f4,数据帧,扩展帧,01,03 
232,接收,16:43:50:669,,0x081e56f4,数据帧,扩展帧,04,00 01 00 00 
233,接收,16:43:50:740,,0x18ff56f4,数据帧,扩展帧,01,03 
234,接收,16:43:50:920,,0x081e56f4,数据帧,扩展帧,04,00 01 00 00 
235,接收,16:43:50:990,,0x18ff56f4,数据帧,扩展帧,01,03 
236,接收,16:43:51:170,,0x081e56f4,数据帧,扩展帧,04,00 01 00 00 
237,接收,16:43:51:240,,0x18ff56f4,数据帧,扩展帧,01,03 
238,接收,16:43:51:420,,0x081e56f4,数据帧,扩展帧,04,00 01 00 00 
239,接收,16:43:51:490,,0x18ff56f4,数据帧,扩展帧,01,03 
240,接收,16:43:51:670,,0x081e56f4,数据帧,扩展帧,04,00 01 00 00 
241,接收,16:43:51:743,,0x18ff56f4,数据帧,扩展帧,01,03 
242,接收,16:43:51:913,,0x081e56f4,数据帧,扩展帧,04,00 01 00 00 
243,接收,16:43:51:993,,0x18ff56f4,数据帧,扩展帧,01,03 
244,接收,16:43:52:163,,0x081e56f4,数据帧,扩展帧,04,00 01 00 00 
245,接收,16:43:52:243,,0x18ff56f4,数据帧,扩展帧,01,03 
246,接收,16:43:52:413,,0x081e56f4,数据帧,扩展帧,04,00 01 00 00 
247,接收,16:43:52:493,,0x18ff56f4,数据帧,扩展帧,01,03 
248,接收,16:43:52:663,,0x081e56f4,数据帧,扩展帧,04,00 01 00 00 
249,接收,16:43:52:744,,0x18ff56f4,数据帧,扩展帧,01,03 
250,接收,16:43:52:914,,0x081e56f4,数据帧,扩展帧,04,00 01 00 00 
251,接收,16:43:52:994,,0x18ff56f4,数据帧,扩展帧,01,03 
252,接收,16:43:53:164,,0x081e56f4,数据帧,扩展帧,04,00 01 00 00 
253,接收,16:43:53:244,,0x18ff56f4,数据帧,扩展帧,01,03 
254,接收,16:43:53:414,,0x081e56f4,数据帧,扩展帧,04,00 01 00 00 
255,接收,16:43:53:494,,0x18ff56f4,数据帧,扩展帧,01,03 
256,接收,16:43:53:664,,0x081e56f4,数据帧,扩展帧,04,00 01 00 00 
257,接收,16:43:53:739,,0x18ff56f4,数据帧,扩展帧,01,03 
258,接收,16:43:53:919,,0x081e56f4,数据帧,扩展帧,04,00 01 00 00 
259,接收,16:43:53:989,,0x18ff56f4,数据帧,扩展帧,01,03 
260,接收,16:43:54:169,,0x081e56f4,数据帧,扩展帧,04,00 01 00 00 
261,接收,16:43:54:239,,0x18ff56f4,数据帧,扩展帧,01,03 
262,接收,16:43:54:419,,0x081e56f4,数据帧,扩展帧,04,00 01 00 00 
263,接收,16:43:54:489,,0x18ff56f4,数据帧,扩展帧,01,03 
264,接收,16:43:54:666,,0x081e56f4,数据帧,扩展帧,04,00 01 00 00 
265,接收,16:43:54:737,,0x18ff56f4,数据帧,扩展帧,01,03 
266,接收,16:43:54:917,,0x081e56f4,数据帧,扩展帧,04,00 01 00 00 
267,接收,16:43:54:987,,0x18ff56f4,数据帧,扩展帧,01,03 
268,接收,16:43:55:167,,0x081e56f4,数据帧,扩展帧,04,00 01 00 00 
269,接收,16:43:55:237,,0x18ff56f4,数据帧,扩展帧,01,03 
270,接收,16:43:55:417,,0x081e56f4,数据帧,扩展帧,04,00 01 00 00 
271,接收,16:43:55:487,,0x18ff56f4,数据帧,扩展帧,01,03 
272,接收,16:43:55:667,,0x081e56f4,数据帧,扩展帧,04,00 01 00 00 
273,接收,16:43:55:739,,0x18ff56f4,数据帧,扩展帧,01,03 
274,接收,16:43:55:919,,0x081e56f4,数据帧,扩展帧,04,00 01 00 00 
275,接收,16:43:55:989,,0x18ff56f4,数据帧,扩展帧,01,03 
276,接收,16:43:56:169,,0x081e56f4,数据帧,扩展帧,04,00 01 00 00 
277,接收,16:43:56:239,,0x18ff56f4,数据帧,扩展帧,01,03 
278,接收,16:43:56:419,,0x081e56f4,数据帧,扩展帧,04,00 01 00 00 
279,接收,16:43:56:489,,0x18ff56f4,数据帧,扩展帧,01,03 
280,接收,16:43:56:670,,0x081e56f4,数据帧,扩展帧,04,00 01 00 00 
281,接收,16:43:56:742,,0x18ff56f4,数据帧,扩展帧,01,03 
282,接收,16:43:56:913,,0x081e56f4,数据帧,扩展帧,04,00 01 00 00 
283,接收,16:43:56:993,,0x18ff56f4,数据帧,扩展帧,01,03 
284,接收,16:43:57:162,,0x081e56f4,数据帧,扩展帧,04,00 01 00 00 
285,接收,16:43:57:243,,0x18ff56f4,数据帧,扩展帧,01,03 
286,接收,16:43:57:413,,0x081e56f4,数据帧,扩展帧,04,00 01 00 00 
287,接收,16:43:57:493,,0x18ff56f4,数据帧,扩展帧,01,03 
288,接收,16:43:57:663,,0x081e56f4,数据帧,扩展帧,04,00 01 00 00 
289,接收,16:43:57:744,,0x18ff56f4,数据帧,扩展帧,01,03 
290,接收,16:43:57:914,,0x081e56f4,数据帧,扩展帧,04,00 01 00 00 
291,接收,16:43:57:994,,0x18ff56f4,数据帧,扩展帧,01,03 
292,接收,16:43:58:164,,0x081e56f4,数据帧,扩展帧,04,00 01 00 00 
293,接收,16:43:58:244,,0x18ff56f4,数据帧,扩展帧,01,03 
294,接收,16:43:58:414,,0x081e56f4,数据帧,扩展帧,04,00 01 00 00 
295,接收,16:43:58:494,,0x18ff56f4,数据帧,扩展帧,01,03 
296,接收,16:43:58:664,,0x081e56f4,数据帧,扩展帧,04,00 01 00 00 
297,接收,16:43:58:745,,0x18ff56f4,数据帧,扩展帧,01,03 
298,接收,16:43:58:915,,0x081e56f4,数据帧,扩展帧,04,00 01 00 00 
299,接收,16:43:58:995,,0x18ff56f4,数据帧,扩展帧,01,03 
300,接收,16:43:59:165,,0x081e56f4,数据帧,扩展帧,04,00 01 00 00 
301,接收,16:43:59:245,,0x18ff56f4,数据帧,扩展帧,01,03 
302,接收,16:43:59:415,,0x081e56f4,数据帧,扩展帧,04,00 01 00 00 
303,接收,16:43:59:495,,0x18ff56f4,数据帧,扩展帧,01,03 
304,接收,16:43:59:665,,0x081e56f4,数据帧,扩展帧,04,00 01 00 00 
305,接收,16:43:59:746,,0x18ff56f4,数据帧,扩展帧,01,03 
306,接收,16:43:59:916,,0x081e56f4,数据帧,扩展帧,04,00 01 00 00 
307,接收,16:43:59:996,,0x18ff56f4,数据帧,扩展帧,01,03 
308,接收,16:44:00:166,,0x081e56f4,数据帧,扩展帧,04,00 01 00 00 
309,接收,16:44:00:246,,0x18ff56f4,数据帧,扩展帧,01,03 
310,接收,16:44:00:416,,0x081e56f4,数据帧,扩展帧,04,00 01 00 00 
311,接收,16:44:00:496,,0x18ff56f4,数据帧,扩展帧,01,03 
312,接收,16:44:00:666,,0x081e56f4,数据帧,扩展帧,04,00 01 00 00 
313,接收,16:44:00:737,,0x18ff56f4,数据帧,扩展帧,01,03 
314,接收,16:44:00:917,,0x081e56f4,数据帧,扩展帧,04,00 01 00 00 
315,接收,16:44:00:987,,0x18ff56f4,数据帧,扩展帧,01,03 
316,接收,16:44:01:167,,0x081e56f4,数据帧,扩展帧,04,00 01 00 00 
317,接收,16:44:01:237,,0x18ff56f4,数据帧,扩展帧,01,03 
318,接收,16:44:01:417,,0x081e56f4,数据帧,扩展帧,04,00 01 00 00 
319,接收,16:44:01:487,,0x18ff56f4,数据帧,扩展帧,01,03 
320,接收,16:44:01:667,,0x081e56f4,数据帧,扩展帧,04,00 01 00 00 
321,接收,16:44:01:739,,0x18ff56f4,数据帧,扩展帧,01,03 
322,接收,16:44:01:919,,0x081e56f4,数据帧,扩展帧,04,00 01 00 00 
323,接收,16:44:01:989,,0x18ff56f4,数据帧,扩展帧,01,03 
324,接收,16:44:02:169,,0x081e56f4,数据帧,扩展帧,04,00 01 00 00 
325,接收,16:44:02:239,,0x18ff56f4,数据帧,扩展帧,01,03 
326,接收,16:44:02:419,,0x081e56f4,数据帧,扩展帧,04,00 01 00 00 
327,接收,16:44:02:489,,0x18ff56f4,数据帧,扩展帧,01,03 
328,接收,16:44:02:669,,0x081e56f4,数据帧,扩展帧,04,00 01 00 00 
329,接收,16:44:02:740,,0x18ff56f4,数据帧,扩展帧,01,03 
330,接收,16:44:02:920,,0x081e56f4,数据帧,扩展帧,04,00 01 00 00 
331,接收,16:44:02:990,,0x18ff56f4,数据帧,扩展帧,01,03 
332,接收,16:44:03:170,,0x081e56f4,数据帧,扩展帧,04,00 01 00 00 
333,接收,16:44:03:240,,0x18ff56f4,数据帧,扩展帧,01,03 
334,接收,16:44:03:420,,0x081e56f4,数据帧,扩展帧,04,00 01 00 00 
335,接收,16:44:03:490,,0x18ff56f4,数据帧,扩展帧,01,03 
336,接收,16:44:03:670,,0x081e56f4,数据帧,扩展帧,04,00 01 00 00 
337,接收,16:44:03:741,,0x18ff56f4,数据帧,扩展帧,01,03 
338,接收,16:44:03:922,,0x081e56f4,数据帧,扩展帧,04,00 01 00 00 
339,接收,16:44:03:991,,0x18ff56f4,数据帧,扩展帧,01,03 
340,接收,16:44:04:172,,0x081e56f4,数据帧,扩展帧,04,00 01 00 00 
341,接收,16:44:04:242,,0x18ff56f4,数据帧,扩展帧,01,03 
342,接收,16:44:04:422,,0x081e56f4,数据帧,扩展帧,04,00 01 00 00 
343,接收,16:44:04:492,,0x18ff56f4,数据帧,扩展帧,01,03 
344,接收,16:44:04:672,,0x081e56f4,数据帧,扩展帧,04,00 01 00 00 
345,接收,16:44:04:742,,0x18ff56f4,数据帧,扩展帧,01,03 
346,接收,16:44:04:912,,0x081e56f4,数据帧,扩展帧,04,00 01 00 00 
347,接收,16:44:04:992,,0x18ff56f4,数据帧,扩展帧,01,03 
348,接收,16:44:05:163,,0x081e56f4,数据帧,扩展帧,04,00 01 00 00 
349,接收,16:44:05:242,,0x18ff56f4,数据帧,扩展帧,01,03 
350,接收,16:44:05:422,,0x081e56f4,数据帧,扩展帧,04,00 01 00 00 
351,接收,16:44:05:492,,0x18ff56f4,数据帧,扩展帧,01,03 
352,接收,16:44:05:672,,0x081e56f4,数据帧,扩展帧,04,00 01 00 00 
353,接收,16:44:05:744,,0x18ff56f4,数据帧,扩展帧,01,03 
354,接收,16:44:05:914,,0x081e56f4,数据帧,扩展帧,04,00 01 00 00 
355,接收,16:44:05:994,,0x18ff56f4,数据帧,扩展帧,01,03 
356,接收,16:44:06:164,,0x081e56f4,数据帧,扩展帧,04,00 01 00 00 
357,接收,16:44:06:244,,0x18ff56f4,数据帧,扩展帧,01,03 
358,接收,16:44:06:414,,0x081e56f4,数据帧,扩展帧,04,00 01 00 00 
359,接收,16:44:06:494,,0x18ff56f4,数据帧,扩展帧,01,03 
360,接收,16:44:06:664,,0x081e56f4,数据帧,扩展帧,04,00 01 00 00 
361,接收,16:44:06:739,,0x18ff56f4,数据帧,扩展帧,01,03 
362,接收,16:44:06:919,,0x081e56f4,数据帧,扩展帧,04,00 01 00 00 
363,接收,16:44:06:989,,0x18ff56f4,数据帧,扩展帧,01,03 
364,接收,16:44:07:169,,0x081e56f4,数据帧,扩展帧,04,00 01 00 00 
365,接收,16:44:07:239,,0x18ff56f4,数据帧,扩展帧,01,03 
366,接收,16:44:07:419,,0x081e56f4,数据帧,扩展帧,04,00 01 00 00 
367,接收,16:44:07:489,,0x18ff56f4,数据帧,扩展帧,01,03 
368,接收,16:44:07:669,,0x081e56f4,数据帧,扩展帧,04,00 01 00 00 
369,接收,16:44:07:740,,0x18ff56f4,数据帧,扩展帧,01,03 
370,接收,16:44:07:920,,0x081e56f4,数据帧,扩展帧,04,00 01 00 00 
371,接收,16:44:07:990,,0x18ff56f4,数据帧,扩展帧,01,03 
372,接收,16:44:08:170,,0x081e56f4,数据帧,扩展帧,04,00 01 00 00 
373,接收,16:44:08:240,,0x18ff56f4,数据帧,扩展帧,01,03 
374,接收,16:44:08:420,,0x081e56f4,数据帧,扩展帧,04,00 01 00 00 
375,接收,16:44:08:490,,0x18ff56f4,数据帧,扩展帧,01,03 
376,接收,16:44:08:670,,0x081e56f4,数据帧,扩展帧,04,00 01 00 00 
377,接收,16:44:08:741,,0x18ff56f4,数据帧,扩展帧,01,03 
378,接收,16:44:08:921,,0x081e56f4,数据帧,扩展帧,04,00 01 00 00 
379,接收,16:44:08:991,,0x18ff56f4,数据帧,扩展帧,01,03 
380,接收,16:44:09:171,,0x081e56f4,数据帧,扩展帧,04,00 01 00 00 
381,接收,16:44:09:241,,0x18ff56f4,数据帧,扩展帧,01,03 
382,接收,16:44:09:421,,0x081e56f4,数据帧,扩展帧,04,00 01 00 00 
383,接收,16:44:09:491,,0x18ff56f4,数据帧,扩展帧,01,03 
384,接收,16:44:09:671,,0x081e56f4,数据帧,扩展帧,04,00 01 00 00 
385,接收,16:44:09:742,,0x18ff56f4,数据帧,扩展帧,01,03 
386,接收,16:44:09:922,,0x081e56f4,数据帧,扩展帧,04,00 01 00 00 
387,接收,16:44:09:992,,0x18ff56f4,数据帧,扩展帧,01,03 
388,接收,16:44:10:172,,0x081e56f4,数据帧,扩展帧,04,00 01 00 00 
389,接收,16:44:10:242,,0x18ff56f4,数据帧,扩展帧,01,03 
390,接收,16:44:10:422,,0x081e56f4,数据帧,扩展帧,04,00 01 00 00 
391,接收,16:44:10:492,,0x18ff56f4,数据帧,扩展帧,01,03 
392,接收,16:44:10:671,,0x081e56f4,数据帧,扩展帧,04,00 01 00 00 
393,接收,16:44:10:742,,0x18ff56f4,数据帧,扩展帧,01,03 
394,接收,16:44:10:922,,0x081e56f4,数据帧,扩展帧,04,00 01 00 00 
395,接收,16:44:10:992,,0x18ff56f4,数据帧,扩展帧,01,03 
396,接收,16:44:11:172,,0x081e56f4,数据帧,扩展帧,04,00 01 00 00 
397,接收,16:44:11:242,,0x18ff56f4,数据帧,扩展帧,01,03 
398,接收,16:44:11:422,,0x081e56f4,数据帧,扩展帧,04,00 01 00 00 
399,接收,16:44:11:492,,0x18ff56f4,数据帧,扩展帧,01,03 
400,接收,16:44:11:672,,0x081e56f4,数据帧,扩展帧,04,00 01 00 00 
401,接收,16:44:11:743,,0x18ff56f4,数据帧,扩展帧,01,03 
402,接收,16:44:11:913,,0x081e56f4,数据帧,扩展帧,04,00 01 00 00 
403,接收,16:44:11:993,,0x18ff56f4,数据帧,扩展帧,01,03 
404,接收,16:44:12:163,,0x081e56f4,数据帧,扩展帧,04,00 01 00 00 
405,接收,16:44:12:243,,0x18ff56f4,数据帧,扩展帧,01,03 
406,接收,16:44:12:413,,0x081e56f4,数据帧,扩展帧,04,00 01 00 00 
407,接收,16:44:12:493,,0x18ff56f4,数据帧,扩展帧,01,03 
408,接收,16:44:12:663,,0x081e56f4,数据帧,扩展帧,04,00 01 00 00 
409,接收,16:44:12:745,,0x18ff56f4,数据帧,扩展帧,01,03 
410,接收,16:44:12:915,,0x081e56f4,数据帧,扩展帧,04,00 01 00 00 
411,接收,16:44:12:995,,0x18ff56f4,数据帧,扩展帧,01,03 
412,接收,16:44:13:165,,0x081e56f4,数据帧,扩展帧,04,00 01 00 00 
413,接收,16:44:13:245,,0x18ff56f4,数据帧,扩展帧,01,03 
414,接收,16:44:13:415,,0x081e56f4,数据帧,扩展帧,04,00 01 00 00 
415,接收,16:44:13:495,,0x18ff56f4,数据帧,扩展帧,01,03 
416,接收,16:44:13:665,,0x081e56f4,数据帧,扩展帧,04,00 01 00 00 
417,接收,16:44:13:747,,0x18ff56f4,数据帧,扩展帧,01,03 
418,接收,16:44:13:917,,0x081e56f4,数据帧,扩展帧,04,00 01 00 00 
419,接收,16:44:13:997,,0x18ff56f4,数据帧,扩展帧,01,03 
420,接收,16:44:14:167,,0x081e56f4,数据帧,扩展帧,04,00 01 00 00 
421,接收,16:44:14:247,,0x18ff56f4,数据帧,扩展帧,01,03 
422,接收,16:44:14:417,,0x081e56f4,数据帧,扩展帧,04,00 01 00 00 
423,接收,16:44:14:497,,0x18ff56f4,数据帧,扩展帧,01,03 
424,接收,16:44:14:667,,0x081e56f4,数据帧,扩展帧,04,00 01 00 00 
425,接收,16:44:14:738,,0x18ff56f4,数据帧,扩展帧,01,03 
426,接收,16:44:14:918,,0x081e56f4,数据帧,扩展帧,04,00 01 00 00 
427,接收,16:44:14:988,,0x18ff56f4,数据帧,扩展帧,01,03 
428,接收,16:44:15:168,,0x081e56f4,数据帧,扩展帧,04,00 01 00 00 
429,接收,16:44:15:238,,0x18ff56f4,数据帧,扩展帧,01,03 
430,接收,16:44:15:418,,0x081e56f4,数据帧,扩展帧,04,00 01 00 00 
431,接收,16:44:15:488,,0x18ff56f4,数据帧,扩展帧,01,03 
432,接收,16:44:15:668,,0x081e56f4,数据帧,扩展帧,04,00 01 00 00 
433,接收,16:44:15:739,,0x18ff56f4,数据帧,扩展帧,01,03 
434,接收,16:44:15:919,,0x081e56f4,数据帧,扩展帧,04,00 01 00 00 
435,接收,16:44:15:989,,0x18ff56f4,数据帧,扩展帧,01,03 
436,接收,16:44:16:169,,0x081e56f4,数据帧,扩展帧,04,00 01 00 00 
437,接收,16:44:16:239,,0x18ff56f4,数据帧,扩展帧,01,03 
438,接收,16:44:16:419,,0x081e56f4,数据帧,扩展帧,04,00 01 00 00 
439,接收,16:44:16:489,,0x18ff56f4,数据帧,扩展帧,01,03 
440,接收,16:44:16:669,,0x081e56f4,数据帧,扩展帧,04,00 01 00 00 
441,接收,16:44:16:741,,0x18ff56f4,数据帧,扩展帧,01,03 
442,接收,16:44:16:921,,0x081e56f4,数据帧,扩展帧,04,00 01 00 00 
443,接收,16:44:16:991,,0x18ff56f4,数据帧,扩展帧,01,03 
444,接收,16:44:17:171,,0x081e56f4,数据帧,扩展帧,04,00 01 00 00 
445,接收,16:44:17:241,,0x18ff56f4,数据帧,扩展帧,01,03 
446,接收,16:44:17:421,,0x081e56f4,数据帧,扩展帧,04,00 01 00 00 
447,接收,16:44:17:491,,0x18ff56f4,数据帧,扩展帧,01,03 
448,接收,16:44:17:671,,0x081e56f4,数据帧,扩展帧,04,00 01 00 00 
449,接收,16:44:17:743,,0x18ff56f4,数据帧,扩展帧,01,03 
450,接收,16:44:17:923,,0x081e56f4,数据帧,扩展帧,04,00 01 00 00 
451,接收,16:44:17:993,,0x18ff56f4,数据帧,扩展帧,01,03 
452,接收,16:44:18:173,,0x081e56f4,数据帧,扩展帧,04,00 01 00 00 
453,接收,16:44:18:243,,0x18ff56f4,数据帧,扩展帧,01,03 
454,接收,16:44:18:423,,0x081e56f4,数据帧,扩展帧,04,00 01 00 00 
455,接收,16:44:18:493,,0x18ff56f4,数据帧,扩展帧,01,03 
456,接收,16:44:18:673,,0x081e56f4,数据帧,扩展帧,04,00 01 00 00 
457,接收,16:44:18:744,,0x18ff56f4,数据帧,扩展帧,01,03 
458,接收,16:44:18:914,,0x081e56f4,数据帧,扩展帧,04,00 01 00 00 
459,接收,16:44:18:994,,0x18ff56f4,数据帧,扩展帧,01,03 
460,接收,16:44:19:164,,0x081e56f4,数据帧,扩展帧,04,00 01 00 00 
461,接收,16:44:19:244,,0x18ff56f4,数据帧,扩展帧,01,03 
462,接收,16:44:19:414,,0x081e56f4,数据帧,扩展帧,04,00 01 00 00 
463,接收,16:44:19:494,,0x18ff56f4,数据帧,扩展帧,01,03 
464,接收,16:44:19:664,,0x081e56f4,数据帧,扩展帧,04,00 01 00 00 
465,接收,16:44:19:742,,0x18ff56f4,数据帧,扩展帧,01,03 
466,接收,16:44:19:922,,0x081e56f4,数据帧,扩展帧,04,00 01 00 00 
467,接收,16:44:19:992,,0x18ff56f4,数据帧,扩展帧,01,03 
468,接收,16:44:20:172,,0x081e56f4,数据帧,扩展帧,04,00 01 00 00 
469,接收,16:44:20:242,,0x18ff56f4,数据帧,扩展帧,01,03 
470,接收,16:44:20:422,,0x081e56f4,数据帧,扩展帧,04,00 01 00 00 
471,接收,16:44:20:492,,0x18ff56f4,数据帧,扩展帧,01,03 
472,接收,16:44:20:672,,0x081e56f4,数据帧,扩展帧,04,00 01 00 00 
473,接收,16:44:20:744,,0x18ff56f4,数据帧,扩展帧,01,03 
474,接收,16:44:20:914,,0x081e56f4,数据帧,扩展帧,04,00 01 00 00 
475,接收,16:44:20:994,,0x18ff56f4,数据帧,扩展帧,01,03 
476,接收,16:44:21:164,,0x081e56f4,数据帧,扩展帧,04,00 01 00 00 
477,接收,16:44:21:244,,0x18ff56f4,数据帧,扩展帧,01,03 
478,接收,16:44:21:414,,0x081e56f4,数据帧,扩展帧,04,00 01 00 00 
479,接收,16:44:21:494,,0x18ff56f4,数据帧,扩展帧,01,03 
480,接收,16:44:21:664,,0x081e56f4,数据帧,扩展帧,04,00 01 00 00 
481,接收,16:44:21:748,,0x18ff56f4,数据帧,扩展帧,01,03 
482,接收,16:44:21:918,,0x081e56f4,数据帧,扩展帧,04,00 01 00 00 
483,接收,16:44:21:988,,0x18ff56f4,数据帧,扩展帧,01,03 
484,接收,16:44:22:168,,0x081e56f4,数据帧,扩展帧,04,00 01 00 00 
485,接收,16:44:22:248,,0x18ff56f4,数据帧,扩展帧,01,03 
486,接收,16:44:22:418,,0x081e56f4,数据帧,扩展帧,04,00 01 00 00 
487,接收,16:44:22:498,,0x18ff56f4,数据帧,扩展帧,01,03 
488,接收,16:44:22:668,,0x081e56f4,数据帧,扩展帧,04,00 01 00 00 
489,接收,16:44:22:740,,0x18ff56f4,数据帧,扩展帧,01,03 
490,接收,16:44:22:920,,0x081e56f4,数据帧,扩展帧,04,00 01 00 00 
491,接收,16:44:22:989,,0x18ff56f4,数据帧,扩展帧,01,03 
492,接收,16:44:23:170,,0x081e56f4,数据帧,扩展帧,04,00 01 00 00 
493,接收,16:44:23:240,,0x18ff56f4,数据帧,扩展帧,01,03 
494,接收,16:44:23:420,,0x081e56f4,数据帧,扩展帧,04,00 01 00 00 
495,接收,16:44:23:490,,0x18ff56f4,数据帧,扩展帧,01,03 
496,接收,16:44:23:670,,0x081e56f4,数据帧,扩展帧,04,00 01 00 00 
497,接收,16:44:23:741,,0x18ff56f4,数据帧,扩展帧,01,03 
498,接收,16:44:23:921,,0x081e56f4,数据帧,扩展帧,04,00 01 00 00 
499,接收,16:44:23:991,,0x18ff56f4,数据帧,扩展帧,01,03 
500,接收,16:44:24:171,,0x081e56f4,数据帧,扩展帧,04,00 01 00 00 
501,接收,16:44:24:241,,0x18ff56f4,数据帧,扩展帧,01,03 
502,接收,16:44:24:421,,0x081e56f4,数据帧,扩展帧,04,00 01 00 00 
503,接收,16:44:24:491,,0x18ff56f4,数据帧,扩展帧,01,03 
504,接收,16:44:24:671,,0x081e56f4,数据帧,扩展帧,04,00 01 00 00 
505,接收,16:44:24:742,,0x18ff56f4,数据帧,扩展帧,01,03 
506,接收,16:44:24:922,,0x081e56f4,数据帧,扩展帧,04,00 01 00 00 
507,接收,16:44:24:992,,0x18ff56f4,数据帧,扩展帧,01,03 
508,接收,16:44:25:172,,0x081e56f4,数据帧,扩展帧,04,00 01 00 00 
509,接收,16:44:25:242,,0x18ff56f4,数据帧,扩展帧,01,03 
510,接收,16:44:25:422,,0x081e56f4,数据帧,扩展帧,04,00 01 00 00 
511,接收,16:44:25:492,,0x18ff56f4,数据帧,扩展帧,01,03 
512,接收,16:44:25:672,,0x081e56f4,数据帧,扩展帧,04,00 01 00 00 
513,接收,16:44:25:744,,0x18ff56f4,数据帧,扩展帧,01,03 
514,接收,16:44:25:914,,0x081e56f4,数据帧,扩展帧,04,00 01 00 00 
515,接收,16:44:25:994,,0x18ff56f4,数据帧,扩展帧,01,03 
516,接收,16:44:26:171,,0x081e56f4,数据帧,扩展帧,04,00 01 00 00 
517,接收,16:44:26:241,,0x18ff56f4,数据帧,扩展帧,01,03 
518,接收,16:44:26:421,,0x081e56f4,数据帧,扩展帧,04,00 01 00 00 
519,接收,16:44:26:491,,0x18ff56f4,数据帧,扩展帧,01,03 
520,接收,16:44:26:671,,0x081e56f4,数据帧,扩展帧,04,00 01 00 00 
521,接收,16:44:26:742,,0x18ff56f4,数据帧,扩展帧,01,03 
522,接收,16:44:26:922,,0x081e56f4,数据帧,扩展帧,04,00 01 00 00 
523,接收,16:44:26:992,,0x18ff56f4,数据帧,扩展帧,01,03 
524,接收,16:44:27:172,,0x081e56f4,数据帧,扩展帧,04,00 01 00 00 
525,接收,16:44:27:242,,0x18ff56f4,数据帧,扩展帧,01,03 
526,接收,16:44:27:422,,0x081e56f4,数据帧,扩展帧,04,00 01 00 00 
527,接收,16:44:27:492,,0x18ff56f4,数据帧,扩展帧,01,03 
528,接收,16:44:27:672,,0x081e56f4,数据帧,扩展帧,04,00 01 00 00 
529,接收,16:44:27:743,,0x18ff56f4,数据帧,扩展帧,01,03 
530,接收,16:44:27:923,,0x081e56f4,数据帧,扩展帧,04,00 01 00 00 
531,接收,16:44:27:993,,0x18ff56f4,数据帧,扩展帧,01,03 
532,接收,16:44:28:163,,0x081e56f4,数据帧,扩展帧,04,00 01 00 00 
533,接收,16:44:28:243,,0x18ff56f4,数据帧,扩展帧,01,03 
534,接收,16:44:28:423,,0x081e56f4,数据帧,扩展帧,04,00 01 00 00 
535,接收,16:44:28:493,,0x18ff56f4,数据帧,扩展帧,01,03 
536,接收,16:44:28:673,,0x081e56f4,数据帧,扩展帧,04,00 01 00 00 
537,接收,16:44:28:746,,0x18ff56f4,数据帧,扩展帧,01,03 
538,接收,16:44:28:916,,0x081e56f4,数据帧,扩展帧,04,00 01 00 00 
539,接收,16:44:28:996,,0x18ff56f4,数据帧,扩展帧,01,03 
540,接收,16:44:29:166,,0x081e56f4,数据帧,扩展帧,04,00 01 00 00 
541,接收,16:44:29:246,,0x18ff56f4,数据帧,扩展帧,01,03 
542,接收,16:44:29:416,,0x081e56f4,数据帧,扩展帧,04,00 01 00 00 
543,接收,16:44:29:496,,0x18ff56f4,数据帧,扩展帧,01,03 
544,接收,16:44:29:666,,0x081e56f4,数据帧,扩展帧,04,00 01 00 00 
545,接收,16:44:29:747,,0x18ff56f4,数据帧,扩展帧,01,03 
546,接收,16:44:29:917,,0x081e56f4,数据帧,扩展帧,04,00 01 00 00 
547,接收,16:44:29:997,,0x18ff56f4,数据帧,扩展帧,01,03 
548,接收,16:44:30:167,,0x081e56f4,数据帧,扩展帧,04,00 01 00 00 
549,接收,16:44:30:247,,0x18ff56f4,数据帧,扩展帧,01,03 
550,接收,16:44:30:417,,0x081e56f4,数据帧,扩展帧,04,00 01 00 00 
551,接收,16:44:30:497,,0x18ff56f4,数据帧,扩展帧,01,03 
552,接收,16:44:30:667,,0x081e56f4,数据帧,扩展帧,04,00 01 00 00 
553,接收,16:44:30:739,,0x18ff56f4,数据帧,扩展帧,01,03 
554,接收,16:44:30:919,,0x081e56f4,数据帧,扩展帧,04,00 01 00 00 
555,接收,16:44:30:989,,0x18ff56f4,数据帧,扩展帧,01,03 
556,接收,16:44:31:169,,0x081e56f4,数据帧,扩展帧,04,00 01 00 00 
557,接收,16:44:31:239,,0x18ff56f4,数据帧,扩展帧,01,03 
558,接收,16:44:31:419,,0x081e56f4,数据帧,扩展帧,04,00 01 00 00 
559,接收,16:44:31:489,,0x18ff56f4,数据帧,扩展帧,01,03 
560,接收,16:44:31:669,,0x081e56f4,数据帧,扩展帧,04,00 01 00 00 
561,接收,16:44:31:740,,0x18ff56f4,数据帧,扩展帧,01,03 
562,接收,16:44:31:920,,0x081e56f4,数据帧,扩展帧,04,00 01 00 00 
563,接收,16:44:31:990,,0x18ff56f4,数据帧,扩展帧,01,03 
564,接收,16:44:32:170,,0x081e56f4,数据帧,扩展帧,04,00 01 00 00 
565,接收,16:44:32:240,,0x18ff56f4,数据帧,扩展帧,01,03 
566,接收,16:44:32:420,,0x081e56f4,数据帧,扩展帧,04,00 01 00 00 
567,接收,16:44:32:490,,0x18ff56f4,数据帧,扩展帧,01,03 
568,接收,16:44:32:670,,0x081e56f4,数据帧,扩展帧,04,00 01 00 00 
569,接收,16:44:32:742,,0x18ff56f4,数据帧,扩展帧,01,03 
570,接收,16:44:32:922,,0x081e56f4,数据帧,扩展帧,04,00 01 00 00 
571,接收,16:44:32:992,,0x18ff56f4,数据帧,扩展帧,01,03 
572,接收,16:44:33:172,,0x081e56f4,数据帧,扩展帧,04,00 01 00 00 
573,接收,16:44:33:242,,0x18ff56f4,数据帧,扩展帧,01,03 
574,接收,16:44:33:422,,0x081e56f4,数据帧,扩展帧,04,00 01 00 00 
575,接收,16:44:33:492,,0x18ff56f4,数据帧,扩展帧,01,03 
576,接收,16:44:33:672,,0x081e56f4,数据帧,扩展帧,04,00 01 00 00 
577,接收,16:44:33:743,,0x18ff56f4,数据帧,扩展帧,01,03 
578,接收,16:44:33:923,,0x081e56f4,数据帧,扩展帧,04,00 01 00 00 
579,接收,16:44:33:993,,0x18ff56f4,数据帧,扩展帧,01,03 
580,接收,16:44:34:173,,0x081e56f4,数据帧,扩展帧,04,00 01 00 00 
581,接收,16:44:34:243,,0x18ff56f4,数据帧,扩展帧,01,03 
582,接收,16:44:34:423,,0x081e56f4,数据帧,扩展帧,04,00 01 00 00 
583,接收,16:44:34:493,,0x18ff56f4,数据帧,扩展帧,01,03 
584,接收,16:44:34:673,,0x081e56f4,数据帧,扩展帧,04,00 01 00 00 
585,接收,16:44:34:744,,0x18ff56f4,数据帧,扩展帧,01,03 
586,接收,16:44:34:914,,0x081e56f4,数据帧,扩展帧,04,00 01 00 00 
587,接收,16:44:34:994,,0x18ff56f4,数据帧,扩展帧,01,03 
588,接收,16:44:35:164,,0x081e56f4,数据帧,扩展帧,04,00 01 00 00 
589,接收,16:44:35:244,,0x18ff56f4,数据帧,扩展帧,01,03 
590,接收,16:44:35:414,,0x081e56f4,数据帧,扩展帧,04,00 01 00 00 
591,接收,16:44:35:494,,0x18ff56f4,数据帧,扩展帧,01,03 
592,接收,16:44:35:668,,0x081e56f4,数据帧,扩展帧,04,00 01 00 00 
593,接收,16:44:35:747,,0x18ff56f4,数据帧,扩展帧,01,03 
594,接收,16:44:35:917,,0x081e56f4,数据帧,扩展帧,04,00 01 00 00 
595,接收,16:44:35:997,,0x18ff56f4,数据帧,扩展帧,01,03 
596,接收,16:44:36:167,,0x081e56f4,数据帧,扩展帧,04,00 01 00 00 
597,接收,16:44:36:247,,0x18ff56f4,数据帧,扩展帧,01,03 
598,接收,16:44:36:417,,0x081e56f4,数据帧,扩展帧,04,00 01 00 00 
599,接收,16:44:36:497,,0x18ff56f4,数据帧,扩展帧,01,03 
600,接收,16:44:36:667,,0x081e56f4,数据帧,扩展帧,04,00 01 00 00 
601,接收,16:44:36:739,,0x18ff56f4,数据帧,扩展帧,01,03 
602,接收,16:44:36:919,,0x081e56f4,数据帧,扩展帧,04,00 01 00 00 
603,接收,16:44:36:989,,0x18ff56f4,数据帧,扩展帧,01,03 
604,接收,16:44:37:169,,0x081e56f4,数据帧,扩展帧,04,00 01 00 00 
605,接收,16:44:37:249,,0x18ff56f4,数据帧,扩展帧,01,03 
606,接收,16:44:37:419,,0x081e56f4,数据帧,扩展帧,04,00 01 00 00 
607,接收,16:44:37:489,,0x18ff56f4,数据帧,扩展帧,01,03 
608,接收,16:44:37:669,,0x081e56f4,数据帧,扩展帧,04,00 01 00 00 
609,接收,16:44:37:740,,0x18ff56f4,数据帧,扩展帧,01,03 
610,接收,16:44:37:920,,0x081e56f4,数据帧,扩展帧,04,00 01 00 00 
611,接收,16:44:37:990,,0x18ff56f4,数据帧,扩展帧,01,03 
612,接收,16:44:38:170,,0x081e56f4,数据帧,扩展帧,04,00 01 00 00 
613,接收,16:44:38:240,,0x18ff56f4,数据帧,扩展帧,01,03 
614,接收,16:44:38:420,,0x081e56f4,数据帧,扩展帧,04,00 01 00 00 
615,接收,16:44:38:490,,0x18ff56f4,数据帧,扩展帧,01,03 
616,接收,16:44:38:670,,0x081e56f4,数据帧,扩展帧,04,00 01 00 00 
617,接收,16:44:38:741,,0x18ff56f4,数据帧,扩展帧,01,03 
618,接收,16:44:38:921,,0x081e56f4,数据帧,扩展帧,04,00 01 00 00 
619,接收,16:44:38:991,,0x18ff56f4,数据帧,扩展帧,01,03 
620,接收,16:44:39:171,,0x081e56f4,数据帧,扩展帧,04,00 01 00 00 
621,接收,16:44:39:241,,0x18ff56f4,数据帧,扩展帧,01,03 
622,接收,16:44:39:421,,0x081e56f4,数据帧,扩展帧,04,00 01 00 00 
623,接收,16:44:39:491,,0x18ff56f4,数据帧,扩展帧,01,03 
624,接收,16:44:39:671,,0x081e56f4,数据帧,扩展帧,04,00 01 00 00 
625,接收,16:44:39:743,,0x18ff56f4,数据帧,扩展帧,01,03 
626,接收,16:44:39:923,,0x081e56f4,数据帧,扩展帧,04,00 01 00 00 
627,接收,16:44:39:993,,0x18ff56f4,数据帧,扩展帧,01,03 
628,接收,16:44:40:173,,0x081e56f4,数据帧,扩展帧,04,00 01 00 00 
629,接收,16:44:40:243,,0x18ff56f4,数据帧,扩展帧,01,03 
630,接收,16:44:40:423,,0x081e56f4,数据帧,扩展帧,04,00 01 00 00 
631,接收,16:44:40:493,,0x18ff56f4,数据帧,扩展帧,01,03 
632,接收,16:44:40:673,,0x081e56f4,数据帧,扩展帧,04,00 01 00 00 
633,接收,16:44:40:744,,0x18ff56f4,数据帧,扩展帧,01,03 
634,接收,16:44:40:914,,0x081e56f4,数据帧,扩展帧,04,00 01 00 00 
635,接收,16:44:40:994,,0x18ff56f4,数据帧,扩展帧,01,03 
636,接收,16:44:41:164,,0x081e56f4,数据帧,扩展帧,04,00 01 00 00 
637,接收,16:44:41:244,,0x18ff56f4,数据帧,扩展帧,01,03 
638,接收,16:44:41:414,,0x081e56f4,数据帧,扩展帧,04,00 01 00 00 
639,接收,16:44:41:494,,0x18ff56f4,数据帧,扩展帧,01,03 
640,接收,16:44:41:664,,0x081e56f4,数据帧,扩展帧,04,00 01 00 00 
641,接收,16:44:41:745,,0x18ff56f4,数据帧,扩展帧,01,03 
642,接收,16:44:41:915,,0x081e56f4,数据帧,扩展帧,04,00 01 00 00 
643,接收,16:44:41:995,,0x18ff56f4,数据帧,扩展帧,01,03 
644,接收,16:44:42:165,,0x081e56f4,数据帧,扩展帧,04,00 01 00 00 
645,接收,16:44:42:245,,0x18ff56f4,数据帧,扩展帧,01,03 
646,接收,16:44:42:415,,0x081e56f4,数据帧,扩展帧,04,00 01 00 00 
647,接收,16:44:42:495,,0x18ff56f4,数据帧,扩展帧,01,03 
648,接收,16:44:42:665,,0x081e56f4,数据帧,扩展帧,04,00 01 00 00 
649,接收,16:44:42:747,,0x18ff56f4,数据帧,扩展帧,01,03 
650,接收,16:44:42:917,,0x081e56f4,数据帧,扩展帧,04,00 01 00 00 
651,接收,16:44:42:997,,0x18ff56f4,数据帧,扩展帧,01,03 
652,接收,16:44:43:167,,0x081e56f4,数据帧,扩展帧,04,00 01 00 00 
653,接收,16:44:43:247,,0x18ff56f4,数据帧,扩展帧,01,03 
654,接收,16:44:43:417,,0x081e56f4,数据帧,扩展帧,04,00 01 00 00 
655,接收,16:44:43:497,,0x18ff56f4,数据帧,扩展帧,01,03 
656,接收,16:44:43:667,,0x081e56f4,数据帧,扩展帧,04,00 01 00 00 
657,接收,16:44:43:749,,0x18ff56f4,数据帧,扩展帧,01,03 
658,接收,16:44:43:919,,0x081e56f4,数据帧,扩展帧,04,00 01 00 00 
659,接收,16:44:43:999,,0x18ff56f4,数据帧,扩展帧,01,03 
660,接收,16:44:44:169,,0x081e56f4,数据帧,扩展帧,04,00 01 00 00 
661,接收,16:44:44:239,,0x18ff56f4,数据帧,扩展帧,01,03 
662,接收,16:44:44:419,,0x081e56f4,数据帧,扩展帧,04,00 01 00 00 
663,接收,16:44:44:499,,0x18ff56f4,数据帧,扩展帧,01,03 
664,接收,16:44:44:669,,0x081e56f4,数据帧,扩展帧,04,00 01 00 00 
665,接收,16:44:44:740,,0x18ff56f4,数据帧,扩展帧,01,03 
666,接收,16:44:44:920,,0x081e56f4,数据帧,扩展帧,04,00 01 00 00 
667,接收,16:44:44:990,,0x18ff56f4,数据帧,扩展帧,01,03 
668,接收,16:44:45:170,,0x081e56f4,数据帧,扩展帧,04,00 01 00 00 
669,接收,16:44:45:240,,0x18ff56f4,数据帧,扩展帧,01,03 
670,接收,16:44:45:420,,0x081e56f4,数据帧,扩展帧,04,00 01 00 00 
671,接收,16:44:45:491,,0x18ff56f4,数据帧,扩展帧,01,03 
672,接收,16:44:45:671,,0x081e56f4,数据帧,扩展帧,04,00 01 00 00 
673,接收,16:44:45:742,,0x18ff56f4,数据帧,扩展帧,01,03 
674,接收,16:44:45:922,,0x081e56f4,数据帧,扩展帧,04,00 01 00 00 
675,接收,16:44:45:992,,0x18ff56f4,数据帧,扩展帧,01,03 
676,接收,16:44:46:172,,0x081e56f4,数据帧,扩展帧,04,00 01 00 00 
677,接收,16:44:46:240,,0x18ff56f4,数据帧,扩展帧,01,03 
678,接收,16:44:46:415,,0x081e56f4,数据帧,扩展帧,04,00 01 00 00 
679,接收,16:44:46:495,,0x18ff56f4,数据帧,扩展帧,01,03 
680,接收,16:44:46:665,,0x081e56f4,数据帧,扩展帧,04,00 01 00 00 
681,接收,16:44:46:746,,0x18ff56f4,数据帧,扩展帧,01,03 
682,接收,16:44:46:916,,0x081e56f4,数据帧,扩展帧,04,00 01 00 00 
683,接收,16:44:46:996,,0x18ff56f4,数据帧,扩展帧,01,03 
684,接收,16:44:47:166,,0x081e56f4,数据帧,扩展帧,04,00 01 00 00 
685,接收,16:44:47:246,,0x18ff56f4,数据帧,扩展帧,01,03 
686,接收,16:44:47:416,,0x081e56f4,数据帧,扩展帧,04,00 01 00 00 
687,接收,16:44:47:496,,0x18ff56f4,数据帧,扩展帧,01,03 
688,接收,16:44:47:666,,0x081e56f4,数据帧,扩展帧,04,00 01 00 00 
689,接收,16:44:47:748,,0x18ff56f4,数据帧,扩展帧,01,03 
690,接收,16:44:47:918,,0x081e56f4,数据帧,扩展帧,04,00 01 00 00 
691,接收,16:44:47:998,,0x18ff56f4,数据帧,扩展帧,01,03 
692,接收,16:44:48:168,,0x081e56f4,数据帧,扩展帧,04,00 01 00 00 
693,接收,16:44:48:248,,0x18ff56f4,数据帧,扩展帧,01,03 
694,接收,16:44:48:418,,0x081e56f4,数据帧,扩展帧,04,00 01 00 00 
695,接收,16:44:48:498,,0x18ff56f4,数据帧,扩展帧,01,03 
696,接收,16:44:48:668,,0x081e56f4,数据帧,扩展帧,04,00 01 00 00 
697,接收,16:44:48:749,,0x18ff56f4,数据帧,扩展帧,01,03 
698,接收,16:44:48:919,,0x081e56f4,数据帧,扩展帧,04,00 01 00 00 
699,接收,16:44:48:989,,0x18ff56f4,数据帧,扩展帧,01,03 
700,接收,16:44:49:169,,0x081e56f4,数据帧,扩展帧,04,00 01 00 00 
701,接收,16:44:49:249,,0x18ff56f4,数据帧,扩展帧,01,03 
702,接收,16:44:49:419,,0x081e56f4,数据帧,扩展帧,04,00 01 00 00 
703,接收,16:44:49:489,,0x18ff56f4,数据帧,扩展帧,01,03 
704,接收,16:44:49:669,,0x081e56f4,数据帧,扩展帧,04,00 01 00 00 
705,接收,16:44:49:741,,0x18ff56f4,数据帧,扩展帧,01,03 
706,接收,16:44:49:921,,0x081e56f4,数据帧,扩展帧,04,00 01 00 00 
707,接收,16:44:49:991,,0x18ff56f4,数据帧,扩展帧,01,03 
708,接收,16:44:50:171,,0x081e56f4,数据帧,扩展帧,04,00 01 00 00 
709,接收,16:44:50:241,,0x18ff56f4,数据帧,扩展帧,01,03 
710,接收,16:44:50:421,,0x081e56f4,数据帧,扩展帧,04,00 01 00 00 
711,接收,16:44:50:491,,0x18ff56f4,数据帧,扩展帧,01,03 
712,接收,16:44:50:661,,0x081e56f4,数据帧,扩展帧,04,00 01 00 00 
713,接收,16:44:50:745,,0x18ff56f4,数据帧,扩展帧,01,03 
714,接收,16:44:50:915,,0x081e56f4,数据帧,扩展帧,04,00 01 00 00 
715,接收,16:44:50:995,,0x18ff56f4,数据帧,扩展帧,01,03 
716,接收,16:44:51:165,,0x081e56f4,数据帧,扩展帧,04,00 01 00 00 
717,接收,16:44:51:245,,0x18ff56f4,数据帧,扩展帧,01,03 
718,接收,16:44:51:415,,0x081e56f4,数据帧,扩展帧,04,00 01 00 00 
719,接收,16:44:51:495,,0x18ff56f4,数据帧,扩展帧,01,03 
720,接收,16:44:51:665,,0x081e56f4,数据帧,扩展帧,04,00 01 00 00 
721,接收,16:44:51:741,,0x18ff56f4,数据帧,扩展帧,01,03 
722,接收,16:44:51:921,,0x081e56f4,数据帧,扩展帧,04,00 01 00 00 
723,接收,16:44:51:991,,0x18ff56f4,数据帧,扩展帧,01,03 
724,接收,16:44:52:171,,0x081e56f4,数据帧,扩展帧,04,00 01 00 00 
725,接收,16:44:52:241,,0x18ff56f4,数据帧,扩展帧,01,03 
726,接收,16:44:52:421,,0x081e56f4,数据帧,扩展帧,04,00 01 00 00 
727,接收,16:44:52:491,,0x18ff56f4,数据帧,扩展帧,01,03 
728,接收,16:44:52:671,,0x081e56f4,数据帧,扩展帧,04,00 01 00 00 
729,接收,16:44:52:743,,0x18ff56f4,数据帧,扩展帧,01,03 
730,接收,16:44:52:923,,0x081e56f4,数据帧,扩展帧,04,00 01 00 00 
731,接收,16:44:52:993,,0x18ff56f4,数据帧,扩展帧,01,03 
732,接收,16:44:53:173,,0x081e56f4,数据帧,扩展帧,04,00 01 00 00 
733,接收,16:44:53:243,,0x18ff56f4,数据帧,扩展帧,01,03 
734,接收,16:44:53:423,,0x081e56f4,数据帧,扩展帧,04,00 01 00 00 
735,接收,16:44:53:493,,0x18ff56f4,数据帧,扩展帧,01,03 
736,接收,16:44:53:673,,0x081e56f4,数据帧,扩展帧,04,00 01 00 00 
737,接收,16:44:53:745,,0x18ff56f4,数据帧,扩展帧,01,03 
738,接收,16:44:53:914,,0x081e56f4,数据帧,扩展帧,04,00 01 00 00 
739,接收,16:44:53:994,,0x18ff56f4,数据帧,扩展帧,01,03 
740,接收,16:44:54:170,,0x081e56f4,数据帧,扩展帧,04,00 01 00 00 
741,接收,16:44:54:240,,0x18ff56f4,数据帧,扩展帧,01,03 
742,接收,16:44:54:420,,0x081e56f4,数据帧,扩展帧,04,00 01 00 00 
743,接收,16:44:54:490,,0x18ff56f4,数据帧,扩展帧,01,03 
744,接收,16:44:54:664,,0x081e56f4,数据帧,扩展帧,04,00 01 00 00 
745,接收,16:44:54:742,,0x18ff56f4,数据帧,扩展帧,01,03 
746,接收,16:44:54:922,,0x081e56f4,数据帧,扩展帧,04,00 01 00 00 
747,接收,16:44:54:992,,0x18ff56f4,数据帧,扩展帧,01,03 
748,接收,16:44:55:172,,0x081e56f4,数据帧,扩展帧,04,00 01 00 00 
749,接收,16:44:55:242,,0x18ff56f4,数据帧,扩展帧,01,03 
750,接收,16:44:55:422,,0x081e56f4,数据帧,扩展帧,04,00 01 00 00 
751,接收,16:44:55:492,,0x18ff56f4,数据帧,扩展帧,01,03 
752,接收,16:44:55:672,,0x081e56f4,数据帧,扩展帧,04,00 01 00 00 
753,接收,16:44:55:745,,0x18ff56f4,数据帧,扩展帧,01,03 
754,接收,16:44:55:915,,0x081e56f4,数据帧,扩展帧,04,00 01 00 00 
755,接收,16:44:55:995,,0x18ff56f4,数据帧,扩展帧,01,03 
756,接收,16:44:56:165,,0x081e56f4,数据帧,扩展帧,04,00 01 00 00 
757,接收,16:44:56:245,,0x18ff56f4,数据帧,扩展帧,01,03 
758,接收,16:44:56:415,,0x081e56f4,数据帧,扩展帧,04,00 01 00 00 
759,接收,16:44:56:495,,0x18ff56f4,数据帧,扩展帧,01,03 
760,接收,16:44:56:665,,0x081e56f4,数据帧,扩展帧,04,00 01 00 00 
761,接收,16:44:56:746,,0x18ff56f4,数据帧,扩展帧,01,03 
762,接收,16:44:56:916,,0x081e56f4,数据帧,扩展帧,04,00 01 00 00 
763,接收,16:44:56:996,,0x18ff56f4,数据帧,扩展帧,01,03 
764,接收,16:44:57:166,,0x081e56f4,数据帧,扩展帧,04,00 01 00 00 
765,接收,16:44:57:246,,0x18ff56f4,数据帧,扩展帧,01,03 
766,接收,16:44:57:416,,0x081e56f4,数据帧,扩展帧,04,00 01 00 00 
767,接收,16:44:57:496,,0x18ff56f4,数据帧,扩展帧,01,03 
768,接收,16:44:57:674,,0x081e56f4,数据帧,扩展帧,04,00 01 00 00 
769,接收,16:44:57:745,,0x18ff56f4,数据帧,扩展帧,01,03 
770,接收,16:44:57:915,,0x081e56f4,数据帧,扩展帧,04,00 01 00 00 
771,接收,16:44:57:995,,0x18ff56f4,数据帧,扩展帧,01,03 
772,接收,16:44:58:165,,0x081e56f4,数据帧,扩展帧,04,00 01 00 00 
773,接收,16:44:58:245,,0x18ff56f4,数据帧,扩展帧,01,03 
774,接收,16:44:58:415,,0x081e56f4,数据帧,扩展帧,04,00 01 00 00 
775,接收,16:44:58:495,,0x18ff56f4,数据帧,扩展帧,01,03 
776,接收,16:44:58:665,,0x081e56f4,数据帧,扩展帧,04,00 01 00 00 
777,接收,16:44:58:746,,0x18ff56f4,数据帧,扩展帧,01,03 
778,接收,16:44:58:916,,0x081e56f4,数据帧,扩展帧,04,00 01 00 00 
779,接收,16:44:58:996,,0x18ff56f4,数据帧,扩展帧,01,03 
780,接收,16:44:59:166,,0x081e56f4,数据帧,扩展帧,04,00 01 00 00 
781,接收,16:44:59:246,,0x18ff56f4,数据帧,扩展帧,01,03 
782,接收,16:44:59:416,,0x081e56f4,数据帧,扩展帧,04,00 01 00 00 
783,接收,16:44:59:496,,0x18ff56f4,数据帧,扩展帧,01,03 
784,接收,16:44:59:666,,0x081e56f4,数据帧,扩展帧,04,00 01 00 00 
785,接收,16:44:59:747,,0x18ff56f4,数据帧,扩展帧,01,03 
786,接收,16:44:59:917,,0x081e56f4,数据帧,扩展帧,04,00 01 00 00 
787,接收,16:44:59:997,,0x18ff56f4,数据帧,扩展帧,01,03 
788,接收,16:45:00:167,,0x081e56f4,数据帧,扩展帧,04,00 01 00 00 
789,接收,16:45:00:247,,0x18ff56f4,数据帧,扩展帧,01,03 
790,接收,16:45:00:417,,0x081e56f4,数据帧,扩展帧,04,00 01 00 00 
791,接收,16:45:00:497,,0x18ff56f4,数据帧,扩展帧,01,03 
792,接收,16:45:00:667,,0x081e56f4,数据帧,扩展帧,04,00 01 00 00 
793,接收,16:45:00:742,,0x18ff56f4,数据帧,扩展帧,01,03 
794,接收,16:45:00:922,,0x081e56f4,数据帧,扩展帧,04,00 01 00 00 
795,接收,16:45:00:992,,0x18ff56f4,数据帧,扩展帧,01,03 
796,接收,16:45:01:172,,0x081e56f4,数据帧,扩展帧,04,00 01 00 00 
797,接收,16:45:01:242,,0x18ff56f4,数据帧,扩展帧,01,03 
798,接收,16:45:01:422,,0x081e56f4,数据帧,扩展帧,04,00 01 00 00 
799,接收,16:45:01:492,,0x18ff56f4,数据帧,扩展帧,01,03 
800,接收,16:45:01:672,,0x081e56f4,数据帧,扩展帧,04,00 01 00 00 
801,接收,16:45:01:743,,0x18ff56f4,数据帧,扩展帧,01,03 
802,接收,16:45:01:923,,0x081e56f4,数据帧,扩展帧,04,00 01 00 00 
803,接收,16:45:01:993,,0x18ff56f4,数据帧,扩展帧,01,03 
804,接收,16:45:02:173,,0x081e56f4,数据帧,扩展帧,04,00 01 00 00 
805,接收,16:45:02:243,,0x18ff56f4,数据帧,扩展帧,01,03 
806,接收,16:45:02:423,,0x081e56f4,数据帧,扩展帧,04,00 01 00 00 
807,接收,16:45:02:493,,0x18ff56f4,数据帧,扩展帧,01,03 
808,接收,16:45:02:673,,0x081e56f4,数据帧,扩展帧,04,00 01 00 00 
809,接收,16:45:02:744,,0x18ff56f4,数据帧,扩展帧,01,03 
810,接收,16:45:02:924,,0x081e56f4,数据帧,扩展帧,04,00 01 00 00 
811,接收,16:45:02:994,,0x18ff56f4,数据帧,扩展帧,01,03 
812,接收,16:45:03:174,,0x081e56f4,数据帧,扩展帧,04,00 01 00 00 
813,接收,16:45:03:244,,0x18ff56f4,数据帧,扩展帧,01,03 
814,接收,16:45:03:424,,0x081e56f4,数据帧,扩展帧,04,00 01 00 00 
815,接收,16:45:03:494,,0x18ff56f4,数据帧,扩展帧,01,03 
816,接收,16:45:03:674,,0x081e56f4,数据帧,扩展帧,04,00 01 00 00 
817,接收,16:45:03:746,,0x18ff56f4,数据帧,扩展帧,01,03 
818,接收,16:45:03:916,,0x081e56f4,数据帧,扩展帧,04,00 01 00 00 
819,接收,16:45:03:996,,0x18ff56f4,数据帧,扩展帧,01,03 
820,接收,16:45:04:166,,0x081e56f4,数据帧,扩展帧,04,00 01 00 00 
821,接收,16:45:04:246,,0x18ff56f4,数据帧,扩展帧,01,03 
822,接收,16:45:04:416,,0x081e56f4,数据帧,扩展帧,04,00 01 00 00 
823,接收,16:45:04:496,,0x18ff56f4,数据帧,扩展帧,01,03 
824,接收,16:45:04:666,,0x081e56f4,数据帧,扩展帧,04,00 01 00 00 
825,接收,16:45:04:747,,0x18ff56f4,数据帧,扩展帧,01,03 
826,接收,16:45:04:917,,0x081e56f4,数据帧,扩展帧,04,00 01 00 00 
827,接收,16:45:04:997,,0x18ff56f4,数据帧,扩展帧,01,03 
828,接收,16:45:05:167,,0x081e56f4,数据帧,扩展帧,04,00 01 00 00 
829,接收,16:45:05:247,,0x18ff56f4,数据帧,扩展帧,01,03 
830,接收,16:45:05:417,,0x081e56f4,数据帧,扩展帧,04,00 01 00 00 
831,接收,16:45:05:497,,0x18ff56f4,数据帧,扩展帧,01,03 
832,接收,16:45:05:667,,0x081e56f4,数据帧,扩展帧,04,00 01 00 00 
833,接收,16:45:05:748,,0x18ff56f4,数据帧,扩展帧,01,03 
834,接收,16:45:05:918,,0x081e56f4,数据帧,扩展帧,04,00 01 00 00 
835,接收,16:45:05:998,,0x18ff56f4,数据帧,扩展帧,01,03 
836,接收,16:45:06:168,,0x081e56f4,数据帧,扩展帧,04,00 01 00 00 
837,接收,16:45:06:248,,0x18ff56f4,数据帧,扩展帧,01,03 
838,接收,16:45:06:418,,0x081e56f4,数据帧,扩展帧,04,00 01 00 00 
839,接收,16:45:06:498,,0x18ff56f4,数据帧,扩展帧,01,03 
840,接收,16:45:06:668,,0x081e56f4,数据帧,扩展帧,04,00 01 00 00 
841,接收,16:45:06:740,,0x18ff56f4,数据帧,扩展帧,01,03 
842,接收,16:45:06:920,,0x081e56f4,数据帧,扩展帧,04,00 01 00 00 
843,接收,16:45:06:990,,0x18ff56f4,数据帧,扩展帧,01,03 
844,接收,16:45:07:170,,0x081e56f4,数据帧,扩展帧,04,00 01 00 00 
845,接收,16:45:07:240,,0x18ff56f4,数据帧,扩展帧,01,03 
846,接收,16:45:07:420,,0x081e56f4,数据帧,扩展帧,04,00 01 00 00 
847,接收,16:45:07:490,,0x18ff56f4,数据帧,扩展帧,01,03 
848,接收,16:45:07:670,,0x081e56f4,数据帧,扩展帧,04,00 01 00 00 
849,接收,16:45:07:742,,0x18ff56f4,数据帧,扩展帧,01,03 
850,接收,16:45:07:922,,0x081e56f4,数据帧,扩展帧,04,00 01 00 00 
851,接收,16:45:07:992,,0x18ff56f4,数据帧,扩展帧,01,03 
852,接收,16:45:08:172,,0x081e56f4,数据帧,扩展帧,04,00 01 00 00 
853,接收,16:45:08:242,,0x18ff56f4,数据帧,扩展帧,01,03 
854,接收,16:45:08:422,,0x081e56f4,数据帧,扩展帧,04,00 01 00 00 
855,接收,16:45:08:492,,0x18ff56f4,数据帧,扩展帧,01,03 
856,接收,16:45:08:672,,0x081e56f4,数据帧,扩展帧,04,00 01 00 00 
857,接收,16:45:08:743,,0x18ff56f4,数据帧,扩展帧,01,03 
858,接收,16:45:08:923,,0x081e56f4,数据帧,扩展帧,04,00 01 00 00 
859,接收,16:45:08:993,,0x18ff56f4,数据帧,扩展帧,01,03 
860,接收,16:45:09:173,,0x081e56f4,数据帧,扩展帧,04,00 01 00 00 
861,接收,16:45:09:243,,0x18ff56f4,数据帧,扩展帧,01,03 
862,接收,16:45:09:423,,0x081e56f4,数据帧,扩展帧,04,00 01 00 00 
863,接收,16:45:09:493,,0x18ff56f4,数据帧,扩展帧,01,03 
864,接收,16:45:09:673,,0x081e56f4,数据帧,扩展帧,04,00 01 00 00 
865,接收,16:45:09:744,,0x18ff56f4,数据帧,扩展帧,01,03 
866,接收,16:45:09:924,,0x081e56f4,数据帧,扩展帧,04,00 01 00 00 
867,接收,16:45:09:994,,0x18ff56f4,数据帧,扩展帧,01,03 
868,接收,16:45:10:174,,0x081e56f4,数据帧,扩展帧,04,00 01 00 00 
869,接收,16:45:10:244,,0x18ff56f4,数据帧,扩展帧,01,03 
870,接收,16:45:10:424,,0x081e56f4,数据帧,扩展帧,04,00 01 00 00 
871,接收,16:45:10:494,,0x18ff56f4,数据帧,扩展帧,01,03 
872,接收,16:45:10:674,,0x081e56f4,数据帧,扩展帧,04,00 01 00 00 
873,接收,16:45:10:749,,0x18ff56f4,数据帧,扩展帧,01,03 
874,接收,16:45:10:919,,0x081e56f4,数据帧,扩展帧,04,00 01 00 00 
875,接收,16:45:10:999,,0x18ff56f4,数据帧,扩展帧,01,03 
876,接收,16:45:11:169,,0x081e56f4,数据帧,扩展帧,04,00 01 00 00 
877,接收,16:45:11:249,,0x18ff56f4,数据帧,扩展帧,01,03 
878,接收,16:45:11:419,,0x081e56f4,数据帧,扩展帧,04,00 01 00 00 
879,接收,16:45:11:499,,0x18ff56f4,数据帧,扩展帧,01,03 
880,接收,16:45:11:669,,0x081e56f4,数据帧,扩展帧,04,00 01 00 00 
881,接收,16:45:11:750,,0x18ff56f4,数据帧,扩展帧,01,03 
882,接收,16:45:11:920,,0x081e56f4,数据帧,扩展帧,04,00 01 00 00 
883,接收,16:45:12:000,,0x18ff56f4,数据帧,扩展帧,01,03 
884,接收,16:45:12:170,,0x081e56f4,数据帧,扩展帧,04,00 01 00 00 
885,接收,16:45:12:250,,0x18ff56f4,数据帧,扩展帧,01,03 
886,接收,16:45:12:420,,0x081e56f4,数据帧,扩展帧,04,00 01 00 00 
887,接收,16:45:12:500,,0x18ff56f4,数据帧,扩展帧,01,03 
888,接收,16:45:12:670,,0x081e56f4,数据帧,扩展帧,04,00 01 00 00 
889,接收,16:45:12:741,,0x18ff56f4,数据帧,扩展帧,01,03 
890,接收,16:45:12:921,,0x081e56f4,数据帧,扩展帧,04,00 01 00 00 
891,接收,16:45:12:991,,0x18ff56f4,数据帧,扩展帧,01,03 
892,接收,16:45:13:171,,0x081e56f4,数据帧,扩展帧,04,00 01 00 00 
893,接收,16:45:13:241,,0x18ff56f4,数据帧,扩展帧,01,03 
894,接收,16:45:13:421,,0x081e56f4,数据帧,扩展帧,04,00 01 00 00 
895,接收,16:45:13:491,,0x18ff56f4,数据帧,扩展帧,01,03 
896,接收,16:45:13:671,,0x081e56f4,数据帧,扩展帧,04,00 01 00 00 
897,接收,16:45:13:743,,0x18ff56f4,数据帧,扩展帧,01,03 
898,接收,16:45:13:923,,0x081e56f4,数据帧,扩展帧,04,00 01 00 00 
899,接收,16:45:13:993,,0x18ff56f4,数据帧,扩展帧,01,03 
900,接收,16:45:14:173,,0x081e56f4,数据帧,扩展帧,04,00 01 00 00 
901,接收,16:45:14:243,,0x18ff56f4,数据帧,扩展帧,01,03 
902,接收,16:45:14:423,,0x081e56f4,数据帧,扩展帧,04,00 01 00 00 
903,接收,16:45:14:493,,0x18ff56f4,数据帧,扩展帧,01,03 
904,接收,16:45:14:673,,0x081e56f4,数据帧,扩展帧,04,00 01 00 00 
905,接收,16:45:14:745,,0x18ff56f4,数据帧,扩展帧,01,03 
906,接收,16:45:14:915,,0x081e56f4,数据帧,扩展帧,04,00 01 00 00 
907,接收,16:45:14:995,,0x18ff56f4,数据帧,扩展帧,01,03 
908,接收,16:45:15:165,,0x081e56f4,数据帧,扩展帧,04,00 01 00 00 
909,接收,16:45:15:245,,0x18ff56f4,数据帧,扩展帧,01,03 
910,接收,16:45:15:415,,0x081e56f4,数据帧,扩展帧,04,00 01 00 00 
911,接收,16:45:15:495,,0x18ff56f4,数据帧,扩展帧,01,03 
912,接收,16:45:15:665,,0x081e56f4,数据帧,扩展帧,04,00 01 00 00 
913,接收,16:45:15:746,,0x18ff56f4,数据帧,扩展帧,01,03 
914,接收,16:45:15:916,,0x081e56f4,数据帧,扩展帧,04,00 01 00 00 
915,接收,16:45:15:997,,0x18ff56f4,数据帧,扩展帧,01,03 
916,接收,16:45:16:167,,0x081e56f4,数据帧,扩展帧,04,00 01 00 00 
917,接收,16:45:16:247,,0x18ff56f4,数据帧,扩展帧,01,03 
918,接收,16:45:16:417,,0x081e56f4,数据帧,扩展帧,04,00 01 00 00 
919,接收,16:45:16:497,,0x18ff56f4,数据帧,扩展帧,01,03 
920,接收,16:45:16:667,,0x081e56f4,数据帧,扩展帧,04,00 01 00 00 
921,接收,16:45:16:747,,0x18ff56f4,数据帧,扩展帧,01,03 
922,接收,16:45:16:918,,0x081e56f4,数据帧,扩展帧,04,00 01 00 00 
923,接收,16:45:16:998,,0x18ff56f4,数据帧,扩展帧,01,03 
924,接收,16:45:17:168,,0x081e56f4,数据帧,扩展帧,04,00 01 00 00 
925,接收,16:45:17:248,,0x18ff56f4,数据帧,扩展帧,01,03 
926,接收,16:45:17:418,,0x081e56f4,数据帧,扩展帧,04,00 01 00 00 
927,接收,16:45:17:498,,0x18ff56f4,数据帧,扩展帧,01,03 
928,接收,16:45:17:668,,0x081e56f4,数据帧,扩展帧,04,00 01 00 00 
929,接收,16:45:17:748,,0x18ff56f4,数据帧,扩展帧,01,03 
930,接收,16:45:17:918,,0x081e56f4,数据帧,扩展帧,04,00 01 00 00 
931,接收,16:45:17:998,,0x18ff56f4,数据帧,扩展帧,01,03 
932,接收,16:45:18:168,,0x081e56f4,数据帧,扩展帧,04,00 01 00 00 
933,接收,16:45:18:248,,0x18ff56f4,数据帧,扩展帧,01,03 
934,接收,16:45:18:418,,0x081e56f4,数据帧,扩展帧,04,00 01 00 00 
935,接收,16:45:18:498,,0x18ff56f4,数据帧,扩展帧,01,03 
936,接收,16:45:18:668,,0x081e56f4,数据帧,扩展帧,04,00 01 00 00 
937,接收,16:45:18:742,,0x18ff56f4,数据帧,扩展帧,01,03 
938,接收,16:45:18:922,,0x081e56f4,数据帧,扩展帧,04,00 01 00 00 
939,接收,16:45:18:992,,0x18ff56f4,数据帧,扩展帧,01,03 
940,接收,16:45:19:172,,0x081e56f4,数据帧,扩展帧,04,00 01 00 00 
941,接收,16:45:19:242,,0x18ff56f4,数据帧,扩展帧,01,03 
942,接收,16:45:19:422,,0x081e56f4,数据帧,扩展帧,04,00 01 00 00 
943,接收,16:45:19:492,,0x18ff56f4,数据帧,扩展帧,01,03 
944,接收,16:45:19:672,,0x081e56f4,数据帧,扩展帧,04,00 01 00 00 
945,接收,16:45:19:743,,0x18ff56f4,数据帧,扩展帧,01,03 
946,接收,16:45:19:923,,0x081e56f4,数据帧,扩展帧,04,00 01 00 00 
947,接收,16:45:19:993,,0x18ff56f4,数据帧,扩展帧,01,03 
948,接收,16:45:20:173,,0x081e56f4,数据帧,扩展帧,04,00 01 00 00 
949,接收,16:45:20:243,,0x18ff56f4,数据帧,扩展帧,01,03 
950,接收,16:45:20:418,,0x081e56f4,数据帧,扩展帧,04,00 01 00 00 
951,接收,16:45:20:498,,0x18ff56f4,数据帧,扩展帧,01,03 
952,接收,16:45:20:668,,0x081e56f4,数据帧,扩展帧,04,00 01 00 00 
953,接收,16:45:20:749,,0x18ff56f4,数据帧,扩展帧,01,03 
954,接收,16:45:20:919,,0x081e56f4,数据帧,扩展帧,04,00 01 00 00 
955,接收,16:45:20:999,,0x18ff56f4,数据帧,扩展帧,01,03 
956,接收,16:45:21:169,,0x081e56f4,数据帧,扩展帧,04,00 01 00 00 
957,接收,16:45:21:249,,0x18ff56f4,数据帧,扩展帧,01,03 
958,接收,16:45:21:419,,0x081e56f4,数据帧,扩展帧,04,00 01 00 00 
959,接收,16:45:21:499,,0x18ff56f4,数据帧,扩展帧,01,03 
960,接收,16:45:21:669,,0x081e56f4,数据帧,扩展帧,04,00 01 00 00 
961,接收,16:45:21:750,,0x18ff56f4,数据帧,扩展帧,01,03 
962,接收,16:45:21:920,,0x081e56f4,数据帧,扩展帧,04,00 01 00 00 
963,接收,16:45:22:000,,0x18ff56f4,数据帧,扩展帧,01,03 
964,接收,16:45:22:170,,0x081e56f4,数据帧,扩展帧,04,00 01 00 00 
965,接收,16:45:22:250,,0x18ff56f4,数据帧,扩展帧,01,03 
966,接收,16:45:22:420,,0x081e56f4,数据帧,扩展帧,04,00 01 00 00 
967,接收,16:45:22:500,,0x18ff56f4,数据帧,扩展帧,01,03 
968,接收,16:45:22:670,,0x081e56f4,数据帧,扩展帧,04,00 01 00 00 
969,接收,16:45:22:742,,0x18ff56f4,数据帧,扩展帧,01,03 
970,接收,16:45:22:922,,0x081e56f4,数据帧,扩展帧,04,00 01 00 00 
971,接收,16:45:22:992,,0x18ff56f4,数据帧,扩展帧,01,03 
972,接收,16:45:23:172,,0x081e56f4,数据帧,扩展帧,04,00 01 00 00 
973,接收,16:45:23:242,,0x18ff56f4,数据帧,扩展帧,01,03 
974,接收,16:45:23:422,,0x081e56f4,数据帧,扩展帧,04,00 01 00 00 
975,接收,16:45:23:492,,0x18ff56f4,数据帧,扩展帧,01,03 
976,接收,16:45:23:672,,0x081e56f4,数据帧,扩展帧,04,00 01 00 00 
977,接收,16:45:23:743,,0x18ff56f4,数据帧,扩展帧,01,03 
978,接收,16:45:23:923,,0x081e56f4,数据帧,扩展帧,04,00 01 00 00 
979,接收,16:45:23:993,,0x18ff56f4,数据帧,扩展帧,01,03 
980,接收,16:45:24:173,,0x081e56f4,数据帧,扩展帧,04,00 01 00 00 
981,接收,16:45:24:243,,0x18ff56f4,数据帧,扩展帧,01,03 
982,接收,16:45:24:423,,0x081e56f4,数据帧,扩展帧,04,00 01 00 00 
983,接收,16:45:24:493,,0x18ff56f4,数据帧,扩展帧,01,03 
984,接收,16:45:24:673,,0x081e56f4,数据帧,扩展帧,04,00 01 00 00 
985,接收,16:45:24:744,,0x18ff56f4,数据帧,扩展帧,01,03 
986,接收,16:45:24:924,,0x081e56f4,数据帧,扩展帧,04,00 01 00 00 
987,接收,16:45:24:994,,0x18ff56f4,数据帧,扩展帧,01,03 
988,接收,16:45:25:174,,0x081e56f4,数据帧,扩展帧,04,00 01 00 00 
989,接收,16:45:25:244,,0x18ff56f4,数据帧,扩展帧,01,03 
990,接收,16:45:25:424,,0x081e56f4,数据帧,扩展帧,04,00 01 00 00 
991,接收,16:45:25:494,,0x18ff56f4,数据帧,扩展帧,01,03 
992,接收,16:45:25:674,,0x081e56f4,数据帧,扩展帧,04,00 01 00 00 
993,接收,16:45:25:745,,0x18ff56f4,数据帧,扩展帧,01,03 
994,接收,16:45:25:925,,0x081e56f4,数据帧,扩展帧,04,00 01 00 00 
995,接收,16:45:25:995,,0x18ff56f4,数据帧,扩展帧,01,03 
996,接收,16:45:26:175,,0x081e56f4,数据帧,扩展帧,04,00 01 00 00 
997,接收,16:45:26:245,,0x18ff56f4,数据帧,扩展帧,01,03 
998,接收,16:45:26:425,,0x081e56f4,数据帧,扩展帧,04,00 01 00 00 
999,接收,16:45:26:495,,0x18ff56f4,数据帧,扩展帧,01,03 
1000,接收,16:45:26:675,,0x081e56f4,数据帧,扩展帧,04,00 01 00 00 
1001,接收,16:45:26:746,,0x18ff56f4,数据帧,扩展帧,01,03 
1002,接收,16:45:26:916,,0x081e56f4,数据帧,扩展帧,04,00 01 00 00 
1003,接收,16:45:26:996,,0x18ff56f4,数据帧,扩展帧,01,03 
1004,接收,16:45:27:167,,0x081e56f4,数据帧,扩展帧,04,00 01 00 00 
1005,接收,16:45:27:247,,0x18ff56f4,数据帧,扩展帧,01,03 
1006,接收,16:45:27:417,,0x081e56f4,数据帧,扩展帧,04,00 01 00 00 
1007,接收,16:45:27:497,,0x18ff56f4,数据帧,扩展帧,01,03 
1008,接收,16:45:27:667,,0x081e56f4,数据帧,扩展帧,04,00 01 00 00 
1009,接收,16:45:27:748,,0x18ff56f4,数据帧,扩展帧,01,03 
1010,接收,16:45:27:918,,0x081e56f4,数据帧,扩展帧,04,00 01 00 00 
1011,接收,16:45:27:998,,0x18ff56f4,数据帧,扩展帧,01,03 
1012,接收,16:45:28:168,,0x081e56f4,数据帧,扩展帧,04,00 01 00 00 
1013,接收,16:45:28:248,,0x18ff56f4,数据帧,扩展帧,01,03 
1014,接收,16:45:28:418,,0x081e56f4,数据帧,扩展帧,04,00 01 00 00 
1015,接收,16:45:28:498,,0x18ff56f4,数据帧,扩展帧,01,03 
1016,接收,16:45:28:668,,0x081e56f4,数据帧,扩展帧,04,00 01 00 00 
1017,接收,16:45:28:749,,0x18ff56f4,数据帧,扩展帧,01,03 
1018,接收,16:45:28:919,,0x081e56f4,数据帧,扩展帧,04,00 01 00 00 
1019,接收,16:45:28:999,,0x18ff56f4,数据帧,扩展帧,01,03 
1020,接收,16:45:29:169,,0x081e56f4,数据帧,扩展帧,04,00 01 00 00 
1021,接收,16:45:29:248,,0x18ff56f4,数据帧,扩展帧,01,03 
1022,接收,16:45:29:418,,0x081e56f4,数据帧,扩展帧,04,00 01 00 00 
1023,接收,16:45:29:498,,0x18ff56f4,数据帧,扩展帧,01,03 
1024,接收,16:45:29:668,,0x081e56f4,数据帧,扩展帧,04,00 01 00 00 
1025,接收,16:45:29:743,,0x18ff56f4,数据帧,扩展帧,01,03 
1026,接收,16:45:29:923,,0x081e56f4,数据帧,扩展帧,04,00 01 00 00 
1027,接收,16:45:29:993,,0x18ff56f4,数据帧,扩展帧,01,03 
1028,接收,16:45:30:173,,0x081e56f4,数据帧,扩展帧,04,00 01 00 00 
1029,接收,16:45:30:243,,0x18ff56f4,数据帧,扩展帧,01,03 
1030,接收,16:45:30:423,,0x081e56f4,数据帧,扩展帧,04,00 01 00 00 
1031,接收,16:45:30:493,,0x18ff56f4,数据帧,扩展帧,01,03 
1032,接收,16:45:30:673,,0x081e56f4,数据帧,扩展帧,04,00 01 00 00 
1033,接收,16:45:30:744,,0x18ff56f4,数据帧,扩展帧,01,03 
1034,接收,16:45:30:924,,0x081e56f4,数据帧,扩展帧,04,00 01 00 00 
1035,接收,16:45:30:994,,0x18ff56f4,数据帧,扩展帧,01,03 
1036,接收,16:45:31:174,,0x081e56f4,数据帧,扩展帧,04,00 01 00 00 
1037,接收,16:45:31:244,,0x18ff56f4,数据帧,扩展帧,01,03 
1038,接收,16:45:31:424,,0x081e56f4,数据帧,扩展帧,04,00 01 00 00 
1039,接收,16:45:31:494,,0x18ff56f4,数据帧,扩展帧,01,03 
1040,接收,16:45:31:674,,0x081e56f4,数据帧,扩展帧,04,00 01 00 00 
1041,接收,16:45:31:746,,0x18ff56f4,数据帧,扩展帧,01,03 
1042,接收,16:45:31:916,,0x081e56f4,数据帧,扩展帧,04,00 01 00 00 
1043,接收,16:45:31:996,,0x18ff56f4,数据帧,扩展帧,01,03 
1044,接收,16:45:32:166,,0x081e56f4,数据帧,扩展帧,04,00 01 00 00 
1045,接收,16:45:32:246,,0x18ff56f4,数据帧,扩展帧,01,03 
1046,接收,16:45:32:416,,0x081e56f4,数据帧,扩展帧,04,00 01 00 00 
1047,接收,16:45:32:496,,0x18ff56f4,数据帧,扩展帧,01,03 
1048,接收,16:45:32:666,,0x081e56f4,数据帧,扩展帧,04,00 01 00 00 
1049,接收,16:45:32:750,,0x18ff56f4,数据帧,扩展帧,01,03 
1050,接收,16:45:32:920,,0x081e56f4,数据帧,扩展帧,04,00 01 00 00 
1051,接收,16:45:33:000,,0x18ff56f4,数据帧,扩展帧,01,03 
1052,接收,16:45:33:170,,0x081e56f4,数据帧,扩展帧,04,00 01 00 00 
1053,接收,16:45:33:250,,0x18ff56f4,数据帧,扩展帧,01,03 
1054,接收,16:45:33:420,,0x081e56f4,数据帧,扩展帧,04,00 01 00 00 
1055,接收,16:45:33:500,,0x18ff56f4,数据帧,扩展帧,01,03 
1056,接收,16:45:33:670,,0x081e56f4,数据帧,扩展帧,04,00 01 00 00 
1057,接收,16:45:33:743,,0x18ff56f4,数据帧,扩展帧,01,03 
1058,接收,16:45:33:923,,0x081e56f4,数据帧,扩展帧,04,00 01 00 00 
1059,接收,16:45:33:993,,0x18ff56f4,数据帧,扩展帧,01,03 
1060,接收,16:45:34:173,,0x081e56f4,数据帧,扩展帧,04,00 01 00 00 
1061,接收,16:45:34:243,,0x18ff56f4,数据帧,扩展帧,01,03 
1062,接收,16:45:34:423,,0x081e56f4,数据帧,扩展帧,04,00 01 00 00 
1063,接收,16:45:34:493,,0x18ff56f4,数据帧,扩展帧,01,03 
1064,接收,16:45:34:674,,0x081e56f4,数据帧,扩展帧,04,00 01 00 00 
1065,接收,16:45:34:743,,0x18ff56f4,数据帧,扩展帧,01,03 
1066,接收,16:45:34:923,,0x081e56f4,数据帧,扩展帧,04,00 01 00 00 
1067,接收,16:45:34:993,,0x18ff56f4,数据帧,扩展帧,01,03 
1068,接收,16:45:35:173,,0x081e56f4,数据帧,扩展帧,04,00 01 00 00 
1069,接收,16:45:35:243,,0x18ff56f4,数据帧,扩展帧,01,03 
1070,接收,16:45:35:423,,0x081e56f4,数据帧,扩展帧,04,00 01 00 00 
1071,接收,16:45:35:493,,0x18ff56f4,数据帧,扩展帧,01,03 
1072,接收,16:45:35:673,,0x081e56f4,数据帧,扩展帧,04,00 01 00 00 
1073,接收,16:45:35:744,,0x18ff56f4,数据帧,扩展帧,01,03 
1074,接收,16:45:35:924,,0x081e56f4,数据帧,扩展帧,04,00 01 00 00 
1075,接收,16:45:35:994,,0x18ff56f4,数据帧,扩展帧,01,03 
1076,接收,16:45:36:174,,0x081e56f4,数据帧,扩展帧,04,00 01 00 00 
1077,接收,16:45:36:244,,0x18ff56f4,数据帧,扩展帧,01,03 
1078,接收,16:45:36:424,,0x081e56f4,数据帧,扩展帧,04,00 01 00 00 
1079,接收,16:45:36:494,,0x18ff56f4,数据帧,扩展帧,01,03 
1080,接收,16:45:36:674,,0x081e56f4,数据帧,扩展帧,04,00 01 00 00 
1081,接收,16:45:36:745,,0x18ff56f4,数据帧,扩展帧,01,03 
1082,接收,16:45:36:925,,0x081e56f4,数据帧,扩展帧,04,00 01 00 00 
1083,接收,16:45:36:995,,0x18ff56f4,数据帧,扩展帧,01,03 
1084,接收,16:45:37:175,,0x081e56f4,数据帧,扩展帧,04,00 01 00 00 
1085,接收,16:45:37:245,,0x18ff56f4,数据帧,扩展帧,01,03 
1086,接收,16:45:37:425,,0x081e56f4,数据帧,扩展帧,04,00 01 00 00 
1087,接收,16:45:37:495,,0x18ff56f4,数据帧,扩展帧,01,03 
1088,接收,16:45:37:675,,0x081e56f4,数据帧,扩展帧,04,00 01 00 00 
1089,接收,16:45:37:747,,0x18ff56f4,数据帧,扩展帧,01,03 
1090,接收,16:45:37:917,,0x081e56f4,数据帧,扩展帧,04,00 01 00 00 
1091,接收,16:45:37:997,,0x18ff56f4,数据帧,扩展帧,01,03 
1092,接收,16:45:38:167,,0x081e56f4,数据帧,扩展帧,04,00 01 00 00 
1093,接收,16:45:38:247,,0x18ff56f4,数据帧,扩展帧,01,03 
1094,接收,16:45:38:417,,0x081e56f4,数据帧,扩展帧,04,00 01 00 00 
1095,接收,16:45:38:497,,0x18ff56f4,数据帧,扩展帧,01,03 
1096,接收,16:45:38:667,,0x081e56f4,数据帧,扩展帧,04,00 01 00 00 
1097,接收,16:45:38:749,,0x18ff56f4,数据帧,扩展帧,01,03 
1098,接收,16:45:38:919,,0x081e56f4,数据帧,扩展帧,04,00 01 00 00 
1099,接收,16:45:38:999,,0x18ff56f4,数据帧,扩展帧,01,03 
1100,接收,16:45:39:169,,0x081e56f4,数据帧,扩展帧,04,00 01 00 00 
1101,接收,16:45:39:249,,0x18ff56f4,数据帧,扩展帧,01,03 
1102,接收,16:45:39:419,,0x081e56f4,数据帧,扩展帧,04,00 01 00 00 
1103,接收,16:45:39:499,,0x18ff56f4,数据帧,扩展帧,01,03 
1104,接收,16:45:39:669,,0x081e56f4,数据帧,扩展帧,04,00 01 00 00 
1105,接收,16:45:39:750,,0x18ff56f4,数据帧,扩展帧,01,03 
1106,接收,16:45:39:920,,0x081e56f4,数据帧,扩展帧,04,00 01 00 00 
1107,接收,16:45:40:000,,0x18ff56f4,数据帧,扩展帧,01,03 
1108,接收,16:45:40:170,,0x081e56f4,数据帧,扩展帧,04,00 01 00 00 
1109,接收,16:45:40:250,,0x18ff56f4,数据帧,扩展帧,01,03 
1110,接收,16:45:40:420,,0x081e56f4,数据帧,扩展帧,04,00 01 00 00 
1111,接收,16:45:40:500,,0x18ff56f4,数据帧,扩展帧,01,03 
1112,接收,16:45:40:670,,0x081e56f4,数据帧,扩展帧,04,00 01 00 00 
1113,接收,16:45:40:751,,0x18ff56f4,数据帧,扩展帧,01,03 
1114,接收,16:45:40:921,,0x081e56f4,数据帧,扩展帧,04,00 01 00 00 
1115,接收,16:45:41:001,,0x18ff56f4,数据帧,扩展帧,01,03 
1116,接收,16:45:41:171,,0x081e56f4,数据帧,扩展帧,04,00 01 00 00 
1117,接收,16:45:41:251,,0x18ff56f4,数据帧,扩展帧,01,03 
1118,接收,16:45:41:421,,0x081e56f4,数据帧,扩展帧,04,00 01 00 00 
1119,接收,16:45:41:501,,0x18ff56f4,数据帧,扩展帧,01,03 
1120,接收,16:45:41:671,,0x081e56f4,数据帧,扩展帧,04,00 01 00 00 
1121,接收,16:45:41:742,,0x18ff56f4,数据帧,扩展帧,01,03 
1122,接收,16:45:41:922,,0x081e56f4,数据帧,扩展帧,04,00 01 00 00 
1123,接收,16:45:41:992,,0x18ff56f4,数据帧,扩展帧,01,03 
1124,接收,16:45:42:172,,0x081e56f4,数据帧,扩展帧,04,00 01 00 00 
1125,接收,16:45:42:242,,0x18ff56f4,数据帧,扩展帧,01,03 
1126,接收,16:45:42:422,,0x081e56f4,数据帧,扩展帧,04,00 01 00 00 
1127,接收,16:45:42:492,,0x18ff56f4,数据帧,扩展帧,01,03 
1128,接收,16:45:42:672,,0x081e56f4,数据帧,扩展帧,04,00 01 00 00 
1129,接收,16:45:42:743,,0x18ff56f4,数据帧,扩展帧,01,03 
1130,接收,16:45:42:923,,0x081e56f4,数据帧,扩展帧,04,00 01 00 00 
1131,接收,16:45:42:993,,0x18ff56f4,数据帧,扩展帧,01,03 
1132,接收,16:45:43:173,,0x081e56f4,数据帧,扩展帧,04,00 01 00 00 
1133,接收,16:45:43:243,,0x18ff56f4,数据帧,扩展帧,01,03 
1134,接收,16:45:43:423,,0x081e56f4,数据帧,扩展帧,04,00 01 00 00 
1135,接收,16:45:43:493,,0x18ff56f4,数据帧,扩展帧,01,03 
1136,接收,16:45:43:673,,0x081e56f4,数据帧,扩展帧,04,00 01 00 00 
1137,接收,16:45:43:745,,0x18ff56f4,数据帧,扩展帧,01,03 
1138,接收,16:45:43:925,,0x081e56f4,数据帧,扩展帧,04,00 01 00 00 
1139,接收,16:45:43:995,,0x18ff56f4,数据帧,扩展帧,01,03 
1140,接收,16:45:44:175,,0x081e56f4,数据帧,扩展帧,04,00 01 00 00 
1141,接收,16:45:44:245,,0x18ff56f4,数据帧,扩展帧,01,03 
1142,接收,16:45:44:425,,0x081e56f4,数据帧,扩展帧,04,00 01 00 00 
1143,接收,16:45:44:495,,0x18ff56f4,数据帧,扩展帧,01,03 
1144,接收,16:45:44:675,,0x081e56f4,数据帧,扩展帧,04,00 01 00 00 
1145,接收,16:45:44:746,,0x18ff56f4,数据帧,扩展帧,01,03 
1146,接收,16:45:44:926,,0x081e56f4,数据帧,扩展帧,04,00 01 00 00 
1147,接收,16:45:44:996,,0x18ff56f4,数据帧,扩展帧,01,03 
1148,接收,16:45:45:176,,0x081e56f4,数据帧,扩展帧,04,00 01 00 00 
1149,接收,16:45:45:246,,0x18ff56f4,数据帧,扩展帧,01,03 
1150,接收,16:45:45:426,,0x081e56f4,数据帧,扩展帧,04,00 01 00 00 
1151,接收,16:45:45:496,,0x18ff56f4,数据帧,扩展帧,01,03 
1152,接收,16:45:45:676,,0x081e56f4,数据帧,扩展帧,04,00 01 00 00 
1153,接收,16:45:45:747,,0x18ff56f4,数据帧,扩展帧,01,03 
1154,接收,16:45:45:917,,0x081e56f4,数据帧,扩展帧,04,00 01 00 00 
1155,接收,16:45:45:997,,0x18ff56f4,数据帧,扩展帧,01,03 
1156,接收,16:45:46:167,,0x081e56f4,数据帧,扩展帧,04,00 01 00 00 
1157,接收,16:45:46:247,,0x18ff56f4,数据帧,扩展帧,01,03 
1158,接收,16:45:46:417,,0x081e56f4,数据帧,扩展帧,04,00 01 00 00 
1159,接收,16:45:46:497,,0x18ff56f4,数据帧,扩展帧,01,03 
1160,接收,16:45:46:667,,0x081e56f4,数据帧,扩展帧,04,00 01 00 00 
1161,接收,16:45:46:749,,0x18ff56f4,数据帧,扩展帧,01,03 
1162,接收,16:45:46:919,,0x081e56f4,数据帧,扩展帧,04,00 01 00 00 
1163,接收,16:45:46:999,,0x18ff56f4,数据帧,扩展帧,01,03 
1164,接收,16:45:47:169,,0x081e56f4,数据帧,扩展帧,04,00 01 00 00 
1165,接收,16:45:47:249,,0x18ff56f4,数据帧,扩展帧,01,03 
1166,接收,16:45:47:419,,0x081e56f4,数据帧,扩展帧,04,00 01 00 00 
1167,接收,16:45:47:499,,0x18ff56f4,数据帧,扩展帧,01,03 
1168,接收,16:45:47:672,,0x081e56f4,数据帧,扩展帧,04,00 01 00 00 
1169,接收,16:45:47:749,,0x18ff56f4,数据帧,扩展帧,01,03 
1170,接收,16:45:47:919,,0x081e56f4,数据帧,扩展帧,04,00 01 00 00 
1171,接收,16:45:47:999,,0x18ff56f4,数据帧,扩展帧,01,03 
1172,接收,16:45:48:169,,0x081e56f4,数据帧,扩展帧,04,00 01 00 00 
1173,接收,16:45:48:249,,0x18ff56f4,数据帧,扩展帧,01,03 
1174,接收,16:45:48:419,,0x081e56f4,数据帧,扩展帧,04,00 01 00 00 
1175,接收,16:45:48:499,,0x18ff56f4,数据帧,扩展帧,01,03 
1176,接收,16:45:48:669,,0x081e56f4,数据帧,扩展帧,04,00 01 00 00 
1177,接收,16:45:48:750,,0x18ff56f4,数据帧,扩展帧,01,03 
1178,接收,16:45:48:920,,0x081e56f4,数据帧,扩展帧,04,00 01 00 00 
1179,接收,16:45:49:000,,0x18ff56f4,数据帧,扩展帧,01,03 
1180,接收,16:45:49:170,,0x081e56f4,数据帧,扩展帧,04,00 01 00 00 
1181,接收,16:45:49:250,,0x18ff56f4,数据帧,扩展帧,01,03 
1182,接收,16:45:49:420,,0x081e56f4,数据帧,扩展帧,04,00 01 00 00 
1183,接收,16:45:49:500,,0x18ff56f4,数据帧,扩展帧,01,03 
1184,接收,16:45:49:670,,0x081e56f4,数据帧,扩展帧,04,00 01 00 00 
1185,接收,16:45:49:751,,0x18ff56f4,数据帧,扩展帧,01,03 
1186,接收,16:45:49:921,,0x081e56f4,数据帧,扩展帧,04,00 01 00 00 
1187,接收,16:45:50:001,,0x18ff56f4,数据帧,扩展帧,01,03 
1188,接收,16:45:50:171,,0x081e56f4,数据帧,扩展帧,04,00 01 00 00 
1189,接收,16:45:50:251,,0x18ff56f4,数据帧,扩展帧,01,03 
1190,接收,16:45:50:421,,0x081e56f4,数据帧,扩展帧,04,00 01 00 00 
1191,接收,16:45:50:501,,0x18ff56f4,数据帧,扩展帧,01,03 
1192,接收,16:45:50:671,,0x081e56f4,数据帧,扩展帧,04,00 01 00 00 
1193,接收,16:45:50:743,,0x18ff56f4,数据帧,扩展帧,01,03 
1194,接收,16:45:50:923,,0x081e56f4,数据帧,扩展帧,04,00 01 00 00 
1195,接收,16:45:50:993,,0x18ff56f4,数据帧,扩展帧,01,03 
1196,接收,16:45:51:173,,0x081e56f4,数据帧,扩展帧,04,00 01 00 00 
1197,接收,16:45:51:243,,0x18ff56f4,数据帧,扩展帧,01,03 
1198,接收,16:45:51:423,,0x081e56f4,数据帧,扩展帧,04,00 01 00 00 
1199,接收,16:45:51:493,,0x18ff56f4,数据帧,扩展帧,01,03 
1200,接收,16:45:51:673,,0x081e56f4,数据帧,扩展帧,04,00 01 00 00 
1201,接收,16:45:51:746,,0x18ff56f4,数据帧,扩展帧,01,03 
1202,接收,16:45:51:926,,0x081e56f4,数据帧,扩展帧,04,00 01 00 00 
1203,接收,16:45:51:996,,0x18ff56f4,数据帧,扩展帧,01,03 
1204,接收,16:45:52:176,,0x081e56f4,数据帧,扩展帧,04,00 01 00 00 
1205,接收,16:45:52:246,,0x18ff56f4,数据帧,扩展帧,01,03 
1206,接收,16:45:52:426,,0x081e56f4,数据帧,扩展帧,04,00 01 00 00 
1207,接收,16:45:52:496,,0x18ff56f4,数据帧,扩展帧,01,03 
1208,接收,16:45:52:676,,0x081e56f4,数据帧,扩展帧,04,00 01 00 00 
1209,接收,16:45:52:747,,0x18ff56f4,数据帧,扩展帧,01,03 
1210,接收,16:45:52:917,,0x081e56f4,数据帧,扩展帧,04,00 01 00 00 
1211,接收,16:45:52:997,,0x18ff56f4,数据帧,扩展帧,01,03 
1212,接收,16:45:53:167,,0x081e56f4,数据帧,扩展帧,04,00 01 00 00 
1213,接收,16:45:53:247,,0x18ff56f4,数据帧,扩展帧,01,03 
1214,接收,16:45:53:417,,0x081e56f4,数据帧,扩展帧,04,00 01 00 00 
1215,接收,16:45:53:497,,0x18ff56f4,数据帧,扩展帧,01,03 
1216,接收,16:45:53:667,,0x081e56f4,数据帧,扩展帧,04,00 01 00 00 
1217,接收,16:45:53:750,,0x18ff56f4,数据帧,扩展帧,01,03 
1218,接收,16:45:53:920,,0x081e56f4,数据帧,扩展帧,04,00 01 00 00 
1219,接收,16:45:54:000,,0x18ff56f4,数据帧,扩展帧,01,03 
1220,接收,16:45:54:170,,0x081e56f4,数据帧,扩展帧,04,00 01 00 00 
1221,接收,16:45:54:250,,0x18ff56f4,数据帧,扩展帧,01,03 
1222,接收,16:45:54:420,,0x081e56f4,数据帧,扩展帧,04,00 01 00 00 
1223,接收,16:45:54:500,,0x18ff56f4,数据帧,扩展帧,01,03 
1224,接收,16:45:54:670,,0x081e56f4,数据帧,扩展帧,04,00 01 00 00 
1225,接收,16:45:54:745,,0x18ff56f4,数据帧,扩展帧,01,03 
1226,接收,16:45:54:925,,0x081e56f4,数据帧,扩展帧,04,00 01 00 00 
1227,接收,16:45:54:995,,0x18ff56f4,数据帧,扩展帧,01,03 
1228,接收,16:45:55:170,,0x081e56f4,数据帧,扩展帧,04,00 01 00 00 
1229,接收,16:45:55:242,,0x18ff56f4,数据帧,扩展帧,01,03 
1230,接收,16:45:55:422,,0x081e56f4,数据帧,扩展帧,04,00 01 00 00 
1231,接收,16:45:55:492,,0x18ff56f4,数据帧,扩展帧,01,03 
1232,接收,16:45:55:672,,0x081e56f4,数据帧,扩展帧,04,00 01 00 00 
1233,接收,16:45:55:744,,0x18ff56f4,数据帧,扩展帧,01,03 
1234,接收,16:45:55:924,,0x081e56f4,数据帧,扩展帧,04,00 01 00 00 
1235,接收,16:45:55:994,,0x18ff56f4,数据帧,扩展帧,01,03 
1236,接收,16:45:56:174,,0x081e56f4,数据帧,扩展帧,04,00 01 00 00 
1237,接收,16:45:56:244,,0x18ff56f4,数据帧,扩展帧,01,03 
1238,接收,16:45:56:424,,0x081e56f4,数据帧,扩展帧,04,00 01 00 00 
1239,接收,16:45:56:494,,0x18ff56f4,数据帧,扩展帧,01,03 
1240,接收,16:45:56:674,,0x081e56f4,数据帧,扩展帧,04,00 01 00 00 
1241,接收,16:45:56:745,,0x18ff56f4,数据帧,扩展帧,01,03 
1242,接收,16:45:56:924,,0x081e56f4,数据帧,扩展帧,04,00 01 00 00 
1243,接收,16:45:56:994,,0x18ff56f4,数据帧,扩展帧,01,03 
1244,接收,16:45:57:174,,0x081e56f4,数据帧,扩展帧,04,00 01 00 00 
1245,接收,16:45:57:244,,0x18ff56f4,数据帧,扩展帧,01,03 
1246,接收,16:45:57:424,,0x081e56f4,数据帧,扩展帧,04,00 01 00 00 
1247,接收,16:45:57:494,,0x18ff56f4,数据帧,扩展帧,01,03 
1248,接收,16:45:57:674,,0x081e56f4,数据帧,扩展帧,04,00 01 00 00 
1249,接收,16:45:57:745,,0x18ff56f4,数据帧,扩展帧,01,03 
1250,接收,16:45:57:925,,0x081e56f4,数据帧,扩展帧,04,00 01 00 00 
1251,接收,16:45:57:995,,0x18ff56f4,数据帧,扩展帧,01,03 
1252,接收,16:45:58:175,,0x081e56f4,数据帧,扩展帧,04,00 01 00 00 
1253,接收,16:45:58:245,,0x18ff56f4,数据帧,扩展帧,01,03 
1254,接收,16:45:58:424,,0x081e56f4,数据帧,扩展帧,04,00 01 00 00 
1255,接收,16:45:58:494,,0x18ff56f4,数据帧,扩展帧,01,03 
1256,接收,16:45:58:674,,0x081e56f4,数据帧,扩展帧,04,00 01 00 00 
1257,接收,16:45:58:745,,0x18ff56f4,数据帧,扩展帧,01,03 
1258,接收,16:45:58:925,,0x081e56f4,数据帧,扩展帧,04,00 01 00 00 
1259,接收,16:45:58:995,,0x18ff56f4,数据帧,扩展帧,01,03 
1260,接收,16:45:59:175,,0x081e56f4,数据帧,扩展帧,04,00 01 00 00 
1261,接收,16:45:59:245,,0x18ff56f4,数据帧,扩展帧,01,03 
1262,接收,16:45:59:425,,0x081e56f4,数据帧,扩展帧,04,00 01 00 00 
1263,接收,16:45:59:495,,0x18ff56f4,数据帧,扩展帧,01,03 
1264,接收,16:45:59:675,,0x081e56f4,数据帧,扩展帧,04,00 01 00 00 
1265,接收,16:45:59:746,,0x18ff56f4,数据帧,扩展帧,01,03 
1266,接收,16:45:59:926,,0x081e56f4,数据帧,扩展帧,04,00 01 00 00 
1267,接收,16:45:59:996,,0x18ff56f4,数据帧,扩展帧,01,03 
1268,接收,16:46:00:176,,0x081e56f4,数据帧,扩展帧,04,00 01 00 00 
1269,接收,16:46:00:246,,0x18ff56f4,数据帧,扩展帧,01,03 
1270,接收,16:46:00:426,,0x081e56f4,数据帧,扩展帧,04,00 01 00 00 
1271,接收,16:46:00:496,,0x18ff56f4,数据帧,扩展帧,01,03 
1272,接收,16:46:00:676,,0x081e56f4,数据帧,扩展帧,04,00 01 00 00 
1273,接收,16:46:00:747,,0x18ff56f4,数据帧,扩展帧,01,03 
1274,接收,16:46:00:921,,0x081e56f4,数据帧,扩展帧,04,00 01 00 00 
1275,接收,16:46:01:001,,0x18ff56f4,数据帧,扩展帧,01,03 
1276,接收,16:46:01:171,,0x081e56f4,数据帧,扩展帧,04,00 01 00 00 
1277,接收,16:46:01:251,,0x18ff56f4,数据帧,扩展帧,01,03 
1278,接收,16:46:01:421,,0x081e56f4,数据帧,扩展帧,04,00 01 00 00 
1279,接收,16:46:01:501,,0x18ff56f4,数据帧,扩展帧,01,03 
1280,接收,16:46:01:671,,0x081e56f4,数据帧,扩展帧,04,00 01 00 00 
1281,接收,16:46:01:743,,0x18ff56f4,数据帧,扩展帧,01,03 
1282,接收,16:46:01:923,,0x081e56f4,数据帧,扩展帧,04,00 01 00 00 
1283,接收,16:46:01:993,,0x18ff56f4,数据帧,扩展帧,01,03 
1284,接收,16:46:02:173,,0x081e56f4,数据帧,扩展帧,04,00 01 00 00 
1285,接收,16:46:02:243,,0x18ff56f4,数据帧,扩展帧,01,03 
1286,接收,16:46:02:423,,0x081e56f4,数据帧,扩展帧,04,00 01 00 00 
1287,接收,16:46:02:493,,0x18ff56f4,数据帧,扩展帧,01,03 
1288,接收,16:46:02:673,,0x081e56f4,数据帧,扩展帧,04,00 01 00 00 
1289,接收,16:46:02:744,,0x18ff56f4,数据帧,扩展帧,01,03 
1290,接收,16:46:02:924,,0x081e56f4,数据帧,扩展帧,04,00 01 00 00 
1291,接收,16:46:02:995,,0x18ff56f4,数据帧,扩展帧,01,03 
1292,接收,16:46:03:175,,0x081e56f4,数据帧,扩展帧,04,00 01 00 00 
1293,接收,16:46:03:245,,0x18ff56f4,数据帧,扩展帧,01,03 
1294,接收,16:46:03:425,,0x081e56f4,数据帧,扩展帧,04,00 01 00 00 
1295,接收,16:46:03:495,,0x18ff56f4,数据帧,扩展帧,01,03 
1296,接收,16:46:03:675,,0x081e56f4,数据帧,扩展帧,04,00 01 00 00 
1297,接收,16:46:03:746,,0x18ff56f4,数据帧,扩展帧,01,03 
1298,接收,16:46:03:926,,0x081e56f4,数据帧,扩展帧,04,00 01 00 00 
1299,接收,16:46:03:996,,0x18ff56f4,数据帧,扩展帧,01,03 
1300,接收,16:46:04:176,,0x081e56f4,数据帧,扩展帧,04,00 01 00 00 
1301,接收,16:46:04:246,,0x18ff56f4,数据帧,扩展帧,01,03 
1302,接收,16:46:04:426,,0x081e56f4,数据帧,扩展帧,04,00 01 00 00 
1303,接收,16:46:04:496,,0x18ff56f4,数据帧,扩展帧,01,03 
1304,接收,16:46:04:676,,0x081e56f4,数据帧,扩展帧,04,00 01 00 00 
1305,接收,16:46:04:745,,0x18ff56f4,数据帧,扩展帧,01,03 
1306,接收,16:46:04:926,,0x081e56f4,数据帧,扩展帧,04,00 01 00 00 
1307,接收,16:46:05:000,,0x18ff56f4,数据帧,扩展帧,01,03 
1308,接收,16:46:05:172,,0x081e56f4,数据帧,扩展帧,04,00 01 00 00 
1309,接收,16:46:05:250,,0x18ff56f4,数据帧,扩展帧,01,03 
1310,接收,16:46:05:427,,0x081e56f4,数据帧,扩展帧,04,00 01 00 00 
1311,接收,16:46:05:497,,0x18ff56f4,数据帧,扩展帧,01,03 
1312,接收,16:46:05:667,,0x081e56f4,数据帧,扩展帧,04,00 01 00 00 
1313,接收,16:46:05:748,,0x18ff56f4,数据帧,扩展帧,01,03 
1314,接收,16:46:05:918,,0x081e56f4,数据帧,扩展帧,04,00 01 00 00 
1315,接收,16:46:05:998,,0x18ff56f4,数据帧,扩展帧,01,03 
1316,接收,16:46:06:169,,0x081e56f4,数据帧,扩展帧,04,00 01 00 00 
1317,接收,16:46:06:248,,0x18ff56f4,数据帧,扩展帧,01,03 
1318,接收,16:46:06:419,,0x081e56f4,数据帧,扩展帧,04,00 01 00 00 
1319,接收,16:46:06:499,,0x18ff56f4,数据帧,扩展帧,01,03 
1320,接收,16:46:06:669,,0x081e56f4,数据帧,扩展帧,04,00 01 00 00 
1321,接收,16:46:06:751,,0x18ff56f4,数据帧,扩展帧,01,03 
1322,接收,16:46:06:921,,0x081e56f4,数据帧,扩展帧,04,00 01 00 00 
1323,接收,16:46:07:001,,0x18ff56f4,数据帧,扩展帧,01,03 
1324,接收,16:46:07:171,,0x081e56f4,数据帧,扩展帧,04,00 01 00 00 
1325,接收,16:46:07:251,,0x18ff56f4,数据帧,扩展帧,01,03 
1326,接收,16:46:07:421,,0x081e56f4,数据帧,扩展帧,04,00 01 00 00 
1327,接收,16:46:07:501,,0x18ff56f4,数据帧,扩展帧,01,03 
1328,接收,16:46:07:671,,0x081e56f4,数据帧,扩展帧,04,00 01 00 00 
1329,接收,16:46:07:752,,0x18ff56f4,数据帧,扩展帧,01,03 
1330,接收,16:46:07:922,,0x081e56f4,数据帧,扩展帧,04,00 01 00 00 
1331,接收,16:46:08:002,,0x18ff56f4,数据帧,扩展帧,01,03 
1332,接收,16:46:08:172,,0x081e56f4,数据帧,扩展帧,04,00 01 00 00 
1333,接收,16:46:08:252,,0x18ff56f4,数据帧,扩展帧,01,03 
1334,接收,16:46:08:422,,0x081e56f4,数据帧,扩展帧,04,00 01 00 00 
1335,接收,16:46:08:502,,0x18ff56f4,数据帧,扩展帧,01,03 
1336,接收,16:46:08:672,,0x081e56f4,数据帧,扩展帧,04,00 01 00 00 
1337,接收,16:46:08:743,,0x18ff56f4,数据帧,扩展帧,01,03 
1338,接收,16:46:08:923,,0x081e56f4,数据帧,扩展帧,04,00 01 00 00 
1339,接收,16:46:08:993,,0x18ff56f4,数据帧,扩展帧,01,03 
1340,接收,16:46:09:173,,0x081e56f4,数据帧,扩展帧,04,00 01 00 00 
1341,接收,16:46:09:243,,0x18ff56f4,数据帧,扩展帧,01,03 
1342,接收,16:46:09:423,,0x081e56f4,数据帧,扩展帧,04,00 01 00 00 
1343,接收,16:46:09:493,,0x18ff56f4,数据帧,扩展帧,01,03 
1344,接收,16:46:09:673,,0x081e56f4,数据帧,扩展帧,04,00 01 00 00 
1345,接收,16:46:09:745,,0x18ff56f4,数据帧,扩展帧,01,03 
1346,接收,16:46:09:925,,0x081e56f4,数据帧,扩展帧,04,00 01 00 00 
1347,接收,16:46:09:995,,0x18ff56f4,数据帧,扩展帧,01,03 
1348,接收,16:46:10:175,,0x081e56f4,数据帧,扩展帧,04,00 01 00 00 
1349,接收,16:46:10:245,,0x18ff56f4,数据帧,扩展帧,01,03 
1350,接收,16:46:10:425,,0x081e56f4,数据帧,扩展帧,04,00 01 00 00 
1351,接收,16:46:10:495,,0x18ff56f4,数据帧,扩展帧,01,03 
1352,接收,16:46:10:675,,0x081e56f4,数据帧,扩展帧,04,00 01 00 00 
1353,接收,16:46:10:746,,0x18ff56f4,数据帧,扩展帧,01,03 
1354,接收,16:46:10:926,,0x081e56f4,数据帧,扩展帧,04,00 01 00 00 
1355,接收,16:46:10:996,,0x18ff56f4,数据帧,扩展帧,01,03 
1356,接收,16:46:11:176,,0x081e56f4,数据帧,扩展帧,04,00 01 00 00 
1357,接收,16:46:11:246,,0x18ff56f4,数据帧,扩展帧,01,03 
1358,接收,16:46:11:426,,0x081e56f4,数据帧,扩展帧,04,00 01 00 00 
1359,接收,16:46:11:496,,0x18ff56f4,数据帧,扩展帧,01,03 
1360,接收,16:46:11:676,,0x081e56f4,数据帧,扩展帧,04,00 01 00 00 
1361,接收,16:46:11:748,,0x18ff56f4,数据帧,扩展帧,01,03 
1362,接收,16:46:11:928,,0x081e56f4,数据帧,扩展帧,04,00 01 00 00 
1363,接收,16:46:11:998,,0x18ff56f4,数据帧,扩展帧,01,03 
1364,接收,16:46:12:178,,0x081e56f4,数据帧,扩展帧,04,00 01 00 00 
1365,接收,16:46:12:248,,0x18ff56f4,数据帧,扩展帧,01,03 
1366,接收,16:46:12:428,,0x081e56f4,数据帧,扩展帧,04,00 01 00 00 
1367,接收,16:46:12:498,,0x18ff56f4,数据帧,扩展帧,01,03 
1368,接收,16:46:12:668,,0x081e56f4,数据帧,扩展帧,04,00 01 00 00 
1369,接收,16:46:12:749,,0x18ff56f4,数据帧,扩展帧,01,03 
1370,接收,16:46:12:919,,0x081e56f4,数据帧,扩展帧,04,00 01 00 00 
1371,接收,16:46:12:999,,0x18ff56f4,数据帧,扩展帧,01,03 
1372,接收,16:46:13:169,,0x081e56f4,数据帧,扩展帧,04,00 01 00 00 
1373,接收,16:46:13:249,,0x18ff56f4,数据帧,扩展帧,01,03 
1374,接收,16:46:13:419,,0x081e56f4,数据帧,扩展帧,04,00 01 00 00 
1375,接收,16:46:13:499,,0x18ff56f4,数据帧,扩展帧,01,03 
1376,接收,16:46:13:669,,0x081e56f4,数据帧,扩展帧,04,00 01 00 00 
1377,接收,16:46:13:750,,0x18ff56f4,数据帧,扩展帧,01,03 
1378,接收,16:46:13:919,,0x081e56f4,数据帧,扩展帧,04,00 01 00 00 
1379,接收,16:46:13:998,,0x18ff56f4,数据帧,扩展帧,01,03 
1380,接收,16:46:14:176,,0x081e56f4,数据帧,扩展帧,04,00 01 00 00 
1381,接收,16:46:14:246,,0x18ff56f4,数据帧,扩展帧,01,03 
1382,接收,16:46:14:426,,0x081e56f4,数据帧,扩展帧,04,00 01 00 00 
1383,接收,16:46:14:496,,0x18ff56f4,数据帧,扩展帧,01,03 
1384,接收,16:46:14:676,,0x081e56f4,数据帧,扩展帧,04,00 01 00 00 
1385,接收,16:46:14:750,,0x18ff56f4,数据帧,扩展帧,01,03 
1386,接收,16:46:14:920,,0x081e56f4,数据帧,扩展帧,04,00 01 00 00 
1387,接收,16:46:15:000,,0x18ff56f4,数据帧,扩展帧,01,03 
1388,接收,16:46:15:170,,0x081e56f4,数据帧,扩展帧,04,00 01 00 00 
1389,接收,16:46:15:250,,0x18ff56f4,数据帧,扩展帧,01,03 
1390,接收,16:46:15:420,,0x081e56f4,数据帧,扩展帧,04,00 01 00 00 
1391,接收,16:46:15:500,,0x18ff56f4,数据帧,扩展帧,01,03 
1392,接收,16:46:15:670,,0x081e56f4,数据帧,扩展帧,04,00 01 00 00 
1393,接收,16:46:15:752,,0x18ff56f4,数据帧,扩展帧,01,03 
1394,接收,16:46:15:922,,0x081e56f4,数据帧,扩展帧,04,00 01 00 00 
1395,接收,16:46:16:002,,0x18ff56f4,数据帧,扩展帧,01,03 
1396,接收,16:46:16:172,,0x081e56f4,数据帧,扩展帧,04,00 01 00 00 
1397,接收,16:46:16:252,,0x18ff56f4,数据帧,扩展帧,01,03 
1398,接收,16:46:16:422,,0x081e56f4,数据帧,扩展帧,04,00 01 00 00 
1399,接收,16:46:16:502,,0x18ff56f4,数据帧,扩展帧,01,03 
1400,接收,16:46:16:672,,0x081e56f4,数据帧,扩展帧,04,00 01 00 00 
1401,接收,16:46:16:743,,0x18ff56f4,数据帧,扩展帧,01,03 
1402,接收,16:46:16:923,,0x081e56f4,数据帧,扩展帧,04,00 01 00 00 
1403,接收,16:46:16:993,,0x18ff56f4,数据帧,扩展帧,01,03 
1404,接收,16:46:17:173,,0x081e56f4,数据帧,扩展帧,04,00 01 00 00 
1405,接收,16:46:17:243,,0x18ff56f4,数据帧,扩展帧,01,03 
1406,接收,16:46:17:423,,0x081e56f4,数据帧,扩展帧,04,00 01 00 00 
1407,接收,16:46:17:493,,0x18ff56f4,数据帧,扩展帧,01,03 
1408,接收,16:46:17:673,,0x081e56f4,数据帧,扩展帧,04,00 01 00 00 
1409,接收,16:46:17:745,,0x18ff56f4,数据帧,扩展帧,01,03 
1410,接收,16:46:17:925,,0x081e56f4,数据帧,扩展帧,04,00 01 00 00 
1411,接收,16:46:17:995,,0x18ff56f4,数据帧,扩展帧,01,03 
1412,接收,16:46:18:175,,0x081e56f4,数据帧,扩展帧,04,00 01 00 00 
1413,接收,16:46:18:245,,0x18ff56f4,数据帧,扩展帧,01,03 
1414,接收,16:46:18:425,,0x081e56f4,数据帧,扩展帧,04,00 01 00 00 
1415,接收,16:46:18:495,,0x18ff56f4,数据帧,扩展帧,01,03 
1416,接收,16:46:18:675,,0x081e56f4,数据帧,扩展帧,04,00 01 00 00 
1417,接收,16:46:18:746,,0x18ff56f4,数据帧,扩展帧,01,03 
1418,接收,16:46:18:926,,0x081e56f4,数据帧,扩展帧,04,00 01 00 00 
1419,接收,16:46:18:996,,0x18ff56f4,数据帧,扩展帧,01,03 
1420,接收,16:46:19:176,,0x081e56f4,数据帧,扩展帧,04,00 01 00 00 
1421,接收,16:46:19:246,,0x18ff56f4,数据帧,扩展帧,01,03 
1422,接收,16:46:19:426,,0x081e56f4,数据帧,扩展帧,04,00 01 00 00 
1423,接收,16:46:19:496,,0x18ff56f4,数据帧,扩展帧,01,03 
1424,接收,16:46:19:676,,0x081e56f4,数据帧,扩展帧,04,00 01 00 00 
1425,接收,16:46:19:747,,0x18ff56f4,数据帧,扩展帧,01,03 
1426,接收,16:46:19:927,,0x081e56f4,数据帧,扩展帧,04,00 01 00 00 
1427,接收,16:46:19:997,,0x18ff56f4,数据帧,扩展帧,01,03 
1428,接收,16:46:20:177,,0x081e56f4,数据帧,扩展帧,04,00 01 00 00 
1429,接收,16:46:20:247,,0x18ff56f4,数据帧,扩展帧,01,03 
1430,接收,16:46:20:427,,0x081e56f4,数据帧,扩展帧,04,00 01 00 00 
1431,接收,16:46:20:497,,0x18ff56f4,数据帧,扩展帧,01,03 
1432,接收,16:46:20:676,,0x081e56f4,数据帧,扩展帧,04,00 01 00 00 
1433,接收,16:46:20:746,,0x18ff56f4,数据帧,扩展帧,01,03 
1434,接收,16:46:20:926,,0x081e56f4,数据帧,扩展帧,04,00 01 00 00 
1435,接收,16:46:20:996,,0x18ff56f4,数据帧,扩展帧,01,03 
1436,接收,16:46:21:176,,0x081e56f4,数据帧,扩展帧,04,00 01 00 00 
1437,接收,16:46:21:246,,0x18ff56f4,数据帧,扩展帧,01,03 
1438,接收,16:46:21:426,,0x081e56f4,数据帧,扩展帧,04,00 01 00 00 
1439,接收,16:46:21:496,,0x18ff56f4,数据帧,扩展帧,01,03 
1440,接收,16:46:21:676,,0x081e56f4,数据帧,扩展帧,04,00 01 00 00 
1441,接收,16:46:21:747,,0x18ff56f4,数据帧,扩展帧,01,03 
1442,接收,16:46:21:927,,0x081e56f4,数据帧,扩展帧,04,00 01 00 00 
1443,接收,16:46:21:997,,0x18ff56f4,数据帧,扩展帧,01,03 
1444,接收,16:46:22:177,,0x081e56f4,数据帧,扩展帧,04,00 01 00 00 
1445,接收,16:46:22:247,,0x18ff56f4,数据帧,扩展帧,01,03 
1446,接收,16:46:22:427,,0x081e56f4,数据帧,扩展帧,04,00 01 00 00 
1447,接收,16:46:22:497,,0x18ff56f4,数据帧,扩展帧,01,03 
1448,接收,16:46:22:677,,0x081e56f4,数据帧,扩展帧,04,00 01 00 00 
1449,接收,16:46:22:748,,0x18ff56f4,数据帧,扩展帧,01,03 
1450,接收,16:46:22:918,,0x081e56f4,数据帧,扩展帧,04,00 01 00 00 
1451,接收,16:46:22:998,,0x18ff56f4,数据帧,扩展帧,01,03 
1452,接收,16:46:23:168,,0x081e56f4,数据帧,扩展帧,04,00 01 00 00 
1453,接收,16:46:23:248,,0x18ff56f4,数据帧,扩展帧,01,03 
1454,接收,16:46:23:418,,0x081e56f4,数据帧,扩展帧,04,00 01 00 00 
1455,接收,16:46:23:498,,0x18ff56f4,数据帧,扩展帧,01,03 
1456,接收,16:46:23:668,,0x081e56f4,数据帧,扩展帧,04,00 01 00 00 
1457,接收,16:46:23:749,,0x18ff56f4,数据帧,扩展帧,01,03 
1458,接收,16:46:23:919,,0x081e56f4,数据帧,扩展帧,04,00 01 00 00 
1459,接收,16:46:23:999,,0x18ff56f4,数据帧,扩展帧,01,03 
1460,接收,16:46:24:169,,0x081e56f4,数据帧,扩展帧,04,00 01 00 00 
1461,接收,16:46:24:249,,0x18ff56f4,数据帧,扩展帧,01,03 
1462,接收,16:46:24:419,,0x081e56f4,数据帧,扩展帧,04,00 01 00 00 
1463,接收,16:46:24:499,,0x18ff56f4,数据帧,扩展帧,01,03 
1464,接收,16:46:24:669,,0x081e56f4,数据帧,扩展帧,04,00 01 00 00 
1465,接收,16:46:24:744,,0x18ff56f4,数据帧,扩展帧,01,03 
1466,接收,16:46:24:924,,0x081e56f4,数据帧,扩展帧,04,00 01 00 00 
1467,接收,16:46:24:994,,0x18ff56f4,数据帧,扩展帧,01,03 
1468,接收,16:46:25:174,,0x081e56f4,数据帧,扩展帧,04,00 01 00 00 
1469,接收,16:46:25:244,,0x18ff56f4,数据帧,扩展帧,01,03 
1470,接收,16:46:25:424,,0x081e56f4,数据帧,扩展帧,04,00 01 00 00 
1471,接收,16:46:25:494,,0x18ff56f4,数据帧,扩展帧,01,03 
1472,接收,16:46:25:674,,0x081e56f4,数据帧,扩展帧,04,00 01 00 00 
1473,接收,16:46:25:745,,0x18ff56f4,数据帧,扩展帧,01,03 
1474,接收,16:46:25:925,,0x081e56f4,数据帧,扩展帧,04,00 01 00 00 
1475,接收,16:46:25:995,,0x18ff56f4,数据帧,扩展帧,01,03 
1476,接收,16:46:26:175,,0x081e56f4,数据帧,扩展帧,04,00 01 00 00 
1477,接收,16:46:26:245,,0x18ff56f4,数据帧,扩展帧,01,03 
1478,接收,16:46:26:425,,0x081e56f4,数据帧,扩展帧,04,00 01 00 00 
1479,接收,16:46:26:495,,0x18ff56f4,数据帧,扩展帧,01,03 
1480,接收,16:46:26:675,,0x081e56f4,数据帧,扩展帧,04,00 01 00 00 
1481,接收,16:46:26:746,,0x18ff56f4,数据帧,扩展帧,01,03 
1482,接收,16:46:26:926,,0x081e56f4,数据帧,扩展帧,04,00 01 00 00 
1483,接收,16:46:26:996,,0x18ff56f4,数据帧,扩展帧,01,03 
1484,接收,16:46:27:176,,0x081e56f4,数据帧,扩展帧,04,00 01 00 00 
1485,接收,16:46:27:246,,0x18ff56f4,数据帧,扩展帧,01,03 
1486,接收,16:46:27:426,,0x081e56f4,数据帧,扩展帧,04,00 01 00 00 
1487,接收,16:46:27:496,,0x18ff56f4,数据帧,扩展帧,01,03 
1488,接收,16:46:27:676,,0x081e56f4,数据帧,扩展帧,04,00 01 00 00 
1489,接收,16:46:27:749,,0x18ff56f4,数据帧,扩展帧,01,03 
1490,接收,16:46:27:919,,0x081e56f4,数据帧,扩展帧,04,00 01 00 00 
1491,接收,16:46:27:999,,0x18ff56f4,数据帧,扩展帧,01,03 
1492,接收,16:46:28:169,,0x081e56f4,数据帧,扩展帧,04,00 01 00 00 
1493,接收,16:46:28:249,,0x18ff56f4,数据帧,扩展帧,01,03 
1494,接收,16:46:28:419,,0x081e56f4,数据帧,扩展帧,04,00 01 00 00 
1495,接收,16:46:28:499,,0x18ff56f4,数据帧,扩展帧,01,03 
1496,接收,16:46:28:669,,0x081e56f4,数据帧,扩展帧,04,00 01 00 00 
1497,接收,16:46:28:750,,0x18ff56f4,数据帧,扩展帧,01,03 
1498,接收,16:46:28:920,,0x081e56f4,数据帧,扩展帧,04,00 01 00 00 
1499,接收,16:46:29:000,,0x18ff56f4,数据帧,扩展帧,01,03 
1500,接收,16:46:29:170,,0x081e56f4,数据帧,扩展帧,04,00 01 00 00 
1501,接收,16:46:29:250,,0x18ff56f4,数据帧,扩展帧,01,03 
1502,接收,16:46:29:420,,0x081e56f4,数据帧,扩展帧,04,00 01 00 00 
1503,接收,16:46:29:500,,0x18ff56f4,数据帧,扩展帧,01,03 
1504,接收,16:46:29:670,,0x081e56f4,数据帧,扩展帧,04,00 01 00 00 
1505,接收,16:46:29:752,,0x18ff56f4,数据帧,扩展帧,01,03 
1506,接收,16:46:29:922,,0x081e56f4,数据帧,扩展帧,04,00 01 00 00 
1507,接收,16:46:30:002,,0x18ff56f4,数据帧,扩展帧,01,03 
1508,接收,16:46:30:173,,0x081e56f4,数据帧,扩展帧,04,00 01 00 00 
1509,接收,16:46:30:253,,0x18ff56f4,数据帧,扩展帧,01,03 
1510,接收,16:46:30:423,,0x081e56f4,数据帧,扩展帧,04,00 01 00 00 
1511,接收,16:46:30:503,,0x18ff56f4,数据帧,扩展帧,01,03 
1512,接收,16:46:30:673,,0x081e56f4,数据帧,扩展帧,04,00 01 00 00 
1513,接收,16:46:30:745,,0x18ff56f4,数据帧,扩展帧,01,03 
1514,接收,16:46:30:925,,0x081e56f4,数据帧,扩展帧,04,00 01 00 00 
1515,接收,16:46:30:995,,0x18ff56f4,数据帧,扩展帧,01,03 
1516,接收,16:46:31:175,,0x081e56f4,数据帧,扩展帧,04,00 01 00 00 
1517,接收,16:46:31:245,,0x18ff56f4,数据帧,扩展帧,01,03 
1518,接收,16:46:31:425,,0x081e56f4,数据帧,扩展帧,04,00 01 00 00 
1519,接收,16:46:31:495,,0x18ff56f4,数据帧,扩展帧,01,03 
1520,接收,16:46:31:675,,0x081e56f4,数据帧,扩展帧,04,00 01 00 00 
1521,接收,16:46:31:747,,0x18ff56f4,数据帧,扩展帧,01,03 
1522,接收,16:46:31:927,,0x081e56f4,数据帧,扩展帧,04,00 01 00 00 
1523,接收,16:46:31:997,,0x18ff56f4,数据帧,扩展帧,01,03 
1524,接收,16:46:32:177,,0x081e56f4,数据帧,扩展帧,04,00 01 00 00 
1525,接收,16:46:32:247,,0x18ff56f4,数据帧,扩展帧,01,03 
1526,接收,16:46:32:423,,0x081e56f4,数据帧,扩展帧,04,00 01 00 00 
1527,接收,16:46:32:493,,0x18ff56f4,数据帧,扩展帧,01,03 
1528,接收,16:46:32:673,,0x081e56f4,数据帧,扩展帧,04,00 01 00 00 
1529,接收,16:46:32:745,,0x18ff56f4,数据帧,扩展帧,01,03 
1530,接收,16:46:32:923,,0x081e56f4,数据帧,扩展帧,04,00 01 00 00 
1531,接收,16:46:33:003,,0x18ff56f4,数据帧,扩展帧,01,03 
1532,接收,16:46:33:173,,0x081e56f4,数据帧,扩展帧,04,00 01 00 00 
1533,接收,16:46:33:253,,0x18ff56f4,数据帧,扩展帧,01,03 
1534,接收,16:46:33:423,,0x081e56f4,数据帧,扩展帧,04,00 01 00 00 
1535,接收,16:46:33:503,,0x18ff56f4,数据帧,扩展帧,01,03 
1536,接收,16:46:33:673,,0x081e56f4,数据帧,扩展帧,04,00 01 00 00 
1537,接收,16:46:33:744,,0x18ff56f4,数据帧,扩展帧,01,03 
1538,接收,16:46:33:924,,0x081e56f4,数据帧,扩展帧,04,00 01 00 00 
1539,接收,16:46:33:994,,0x18ff56f4,数据帧,扩展帧,01,03 
1540,接收,16:46:34:174,,0x081e56f4,数据帧,扩展帧,04,00 01 00 00 
1541,接收,16:46:34:244,,0x18ff56f4,数据帧,扩展帧,01,03 
1542,接收,16:46:34:424,,0x081e56f4,数据帧,扩展帧,04,00 01 00 00 
1543,接收,16:46:34:494,,0x18ff56f4,数据帧,扩展帧,01,03 
1544,接收,16:46:34:674,,0x081e56f4,数据帧,扩展帧,04,00 01 00 00 
1545,接收,16:46:34:746,,0x18ff56f4,数据帧,扩展帧,01,03 
1546,接收,16:46:34:926,,0x081e56f4,数据帧,扩展帧,04,00 01 00 00 
1547,接收,16:46:34:996,,0x18ff56f4,数据帧,扩展帧,01,03 
1548,接收,16:46:35:176,,0x081e56f4,数据帧,扩展帧,04,00 01 00 00 
1549,接收,16:46:35:246,,0x18ff56f4,数据帧,扩展帧,01,03 
1550,接收,16:46:35:426,,0x081e56f4,数据帧,扩展帧,04,00 01 00 00 
1551,接收,16:46:35:496,,0x18ff56f4,数据帧,扩展帧,01,03 
1552,接收,16:46:35:676,,0x081e56f4,数据帧,扩展帧,04,00 01 00 00 
1553,接收,16:46:35:747,,0x18ff56f4,数据帧,扩展帧,01,03 
1554,接收,16:46:35:927,,0x081e56f4,数据帧,扩展帧,04,00 01 00 00 
1555,接收,16:46:35:997,,0x18ff56f4,数据帧,扩展帧,01,03 
1556,接收,16:46:36:177,,0x081e56f4,数据帧,扩展帧,04,00 01 00 00 
1557,接收,16:46:36:247,,0x18ff56f4,数据帧,扩展帧,01,03 
1558,接收,16:46:36:427,,0x081e56f4,数据帧,扩展帧,04,00 01 00 00 
1559,接收,16:46:36:497,,0x18ff56f4,数据帧,扩展帧,01,03 
1560,接收,16:46:36:677,,0x081e56f4,数据帧,扩展帧,04,00 01 00 00 
1561,接收,16:46:36:749,,0x18ff56f4,数据帧,扩展帧,01,03 
1562,接收,16:46:36:919,,0x081e56f4,数据帧,扩展帧,04,00 01 00 00 
1563,接收,16:46:36:999,,0x18ff56f4,数据帧,扩展帧,01,03 
1564,接收,16:46:37:169,,0x081e56f4,数据帧,扩展帧,04,00 01 00 00 
1565,接收,16:46:37:249,,0x18ff56f4,数据帧,扩展帧,01,03 
1566,接收,16:46:37:419,,0x081e56f4,数据帧,扩展帧,04,00 01 00 00 
1567,接收,16:46:37:499,,0x18ff56f4,数据帧,扩展帧,01,03 
1568,接收,16:46:37:669,,0x081e56f4,数据帧,扩展帧,04,00 01 00 00 
1569,接收,16:46:37:751,,0x18ff56f4,数据帧,扩展帧,01,03 
1570,接收,16:46:37:921,,0x081e56f4,数据帧,扩展帧,04,00 01 00 00 
1571,接收,16:46:38:001,,0x18ff56f4,数据帧,扩展帧,01,03 
1572,接收,16:46:38:171,,0x081e56f4,数据帧,扩展帧,04,00 01 00 00 
1573,接收,16:46:38:251,,0x18ff56f4,数据帧,扩展帧,01,03 
1574,接收,16:46:38:421,,0x081e56f4,数据帧,扩展帧,04,00 01 00 00 
1575,接收,16:46:38:501,,0x18ff56f4,数据帧,扩展帧,01,03 
1576,接收,16:46:38:671,,0x081e56f4,数据帧,扩展帧,04,00 01 00 00 
1577,接收,16:46:38:752,,0x18ff56f4,数据帧,扩展帧,01,03 
1578,接收,16:46:38:922,,0x081e56f4,数据帧,扩展帧,04,00 01 00 00 
1579,接收,16:46:39:002,,0x18ff56f4,数据帧,扩展帧,01,03 
1580,接收,16:46:39:172,,0x081e56f4,数据帧,扩展帧,04,00 01 00 00 
1581,接收,16:46:39:252,,0x18ff56f4,数据帧,扩展帧,01,03 
1582,接收,16:46:39:422,,0x081e56f4,数据帧,扩展帧,04,00 01 00 00 
1583,接收,16:46:39:502,,0x18ff56f4,数据帧,扩展帧,01,03 
1584,接收,16:46:39:672,,0x081e56f4,数据帧,扩展帧,04,00 01 00 00 
1585,接收,16:46:39:750,,0x18ff56f4,数据帧,扩展帧,01,03 
1586,接收,16:46:39:920,,0x081e56f4,数据帧,扩展帧,04,00 01 00 00 
1587,接收,16:46:40:000,,0x18ff56f4,数据帧,扩展帧,01,03 
1588,接收,16:46:40:170,,0x081e56f4,数据帧,扩展帧,04,00 01 00 00 
1589,接收,16:46:40:250,,0x18ff56f4,数据帧,扩展帧,01,03 
1590,接收,16:46:40:420,,0x081e56f4,数据帧,扩展帧,04,00 01 00 00 
1591,接收,16:46:40:500,,0x18ff56f4,数据帧,扩展帧,01,03 
1592,接收,16:46:40:670,,0x081e56f4,数据帧,扩展帧,04,00 01 00 00 
1593,接收,16:46:40:751,,0x18ff56f4,数据帧,扩展帧,01,03 
1594,接收,16:46:40:921,,0x081e56f4,数据帧,扩展帧,04,00 01 00 00 
1595,接收,16:46:41:001,,0x18ff56f4,数据帧,扩展帧,01,03 
1596,接收,16:46:41:171,,0x081e56f4,数据帧,扩展帧,04,00 01 00 00 
1597,接收,16:46:41:251,,0x18ff56f4,数据帧,扩展帧,01,03 
1598,接收,16:46:41:421,,0x081e56f4,数据帧,扩展帧,04,00 01 00 00 
1599,接收,16:46:41:501,,0x18ff56f4,数据帧,扩展帧,01,03 
1600,接收,16:46:41:671,,0x081e56f4,数据帧,扩展帧,04,00 01 00 00 
1601,接收,16:46:41:753,,0x18ff56f4,数据帧,扩展帧,01,03 
1602,接收,16:46:41:923,,0x081e56f4,数据帧,扩展帧,04,00 01 00 00 
1603,接收,16:46:42:003,,0x18ff56f4,数据帧,扩展帧,01,03 
1604,接收,16:46:42:173,,0x081e56f4,数据帧,扩展帧,04,00 01 00 00 
1605,接收,16:46:42:253,,0x18ff56f4,数据帧,扩展帧,01,03 
1606,接收,16:46:42:423,,0x081e56f4,数据帧,扩展帧,04,00 01 00 00 
1607,接收,16:46:42:503,,0x18ff56f4,数据帧,扩展帧,01,03 
1608,接收,16:46:42:673,,0x081e56f4,数据帧,扩展帧,04,00 01 00 00 
1609,接收,16:46:42:744,,0x18ff56f4,数据帧,扩展帧,01,03 
1610,接收,16:46:42:924,,0x081e56f4,数据帧,扩展帧,04,00 01 00 00 
1611,接收,16:46:42:994,,0x18ff56f4,数据帧,扩展帧,01,03 
1612,接收,16:46:43:174,,0x081e56f4,数据帧,扩展帧,04,00 01 00 00 
1613,接收,16:46:43:244,,0x18ff56f4,数据帧,扩展帧,01,03 
1614,接收,16:46:43:424,,0x081e56f4,数据帧,扩展帧,04,00 01 00 00 
1615,接收,16:46:43:494,,0x18ff56f4,数据帧,扩展帧,01,03 
1616,接收,16:46:43:674,,0x081e56f4,数据帧,扩展帧,04,00 01 00 00 
1617,接收,16:46:43:745,,0x18ff56f4,数据帧,扩展帧,01,03 
1618,接收,16:46:43:925,,0x081e56f4,数据帧,扩展帧,04,00 01 00 00 
1619,接收,16:46:43:995,,0x18ff56f4,数据帧,扩展帧,01,03 
1620,接收,16:46:44:175,,0x081e56f4,数据帧,扩展帧,04,00 01 00 00 
1621,接收,16:46:44:245,,0x18ff56f4,数据帧,扩展帧,01,03 
1622,接收,16:46:44:425,,0x081e56f4,数据帧,扩展帧,04,00 01 00 00 
1623,接收,16:46:44:495,,0x18ff56f4,数据帧,扩展帧,01,03 
1624,接收,16:46:44:675,,0x081e56f4,数据帧,扩展帧,04,00 01 00 00 
1625,接收,16:46:44:747,,0x18ff56f4,数据帧,扩展帧,01,03 
1626,接收,16:46:44:926,,0x081e56f4,数据帧,扩展帧,04,00 01 00 00 
1627,接收,16:46:44:997,,0x18ff56f4,数据帧,扩展帧,01,03 
1628,接收,16:46:45:177,,0x081e56f4,数据帧,扩展帧,04,00 01 00 00 
1629,接收,16:46:45:247,,0x18ff56f4,数据帧,扩展帧,01,03 
1630,接收,16:46:45:427,,0x081e56f4,数据帧,扩展帧,04,00 01 00 00 
1631,接收,16:46:45:497,,0x18ff56f4,数据帧,扩展帧,01,03 
1632,接收,16:46:45:677,,0x081e56f4,数据帧,扩展帧,04,00 01 00 00 
1633,接收,16:46:45:748,,0x18ff56f4,数据帧,扩展帧,01,03 
1634,接收,16:46:45:928,,0x081e56f4,数据帧,扩展帧,04,00 01 00 00 
1635,接收,16:46:45:998,,0x18ff56f4,数据帧,扩展帧,01,03 
1636,接收,16:46:46:178,,0x081e56f4,数据帧,扩展帧,04,00 01 00 00 
1637,接收,16:46:46:248,,0x18ff56f4,数据帧,扩展帧,01,03 
1638,接收,16:46:46:428,,0x081e56f4,数据帧,扩展帧,04,00 01 00 00 
1639,接收,16:46:46:498,,0x18ff56f4,数据帧,扩展帧,01,03 
1640,接收,16:46:46:678,,0x081e56f4,数据帧,扩展帧,04,00 01 00 00 
1641,接收,16:46:46:749,,0x18ff56f4,数据帧,扩展帧,01,03 
1642,接收,16:46:46:919,,0x081e56f4,数据帧,扩展帧,04,00 01 00 00 
1643,接收,16:46:46:999,,0x18ff56f4,数据帧,扩展帧,01,03 
1644,接收,16:46:47:169,,0x081e56f4,数据帧,扩展帧,04,00 01 00 00 
1645,接收,16:46:47:250,,0x18ff56f4,数据帧,扩展帧,01,03 
1646,接收,16:46:47:421,,0x081e56f4,数据帧,扩展帧,04,00 01 00 00 
1647,接收,16:46:47:501,,0x18ff56f4,数据帧,扩展帧,01,03 
1648,接收,16:46:47:671,,0x081e56f4,数据帧,扩展帧,04,00 01 00 00 
1649,接收,16:46:47:746,,0x18ff56f4,数据帧,扩展帧,01,03 
1650,接收,16:46:47:926,,0x081e56f4,数据帧,扩展帧,04,00 01 00 00 
1651,接收,16:46:47:996,,0x18ff56f4,数据帧,扩展帧,01,03 
1652,接收,16:46:48:176,,0x081e56f4,数据帧,扩展帧,04,00 01 00 00 
1653,接收,16:46:48:246,,0x18ff56f4,数据帧,扩展帧,01,03 
1654,接收,16:46:48:426,,0x081e56f4,数据帧,扩展帧,04,00 01 00 00 
1655,接收,16:46:48:496,,0x18ff56f4,数据帧,扩展帧,01,03 
1656,接收,16:46:48:676,,0x081e56f4,数据帧,扩展帧,04,00 01 00 00 
1657,接收,16:46:48:747,,0x18ff56f4,数据帧,扩展帧,01,03 
1658,接收,16:46:48:927,,0x081e56f4,数据帧,扩展帧,04,00 01 00 00 
1659,接收,16:46:48:997,,0x18ff56f4,数据帧,扩展帧,01,03 
1660,接收,16:46:49:177,,0x081e56f4,数据帧,扩展帧,04,00 01 00 00 
1661,接收,16:46:49:247,,0x18ff56f4,数据帧,扩展帧,01,03 
1662,接收,16:46:49:427,,0x081e56f4,数据帧,扩展帧,04,00 01 00 00 
1663,接收,16:46:49:497,,0x18ff56f4,数据帧,扩展帧,01,03 
1664,接收,16:46:49:677,,0x081e56f4,数据帧,扩展帧,04,00 01 00 00 
1665,接收,16:46:49:748,,0x18ff56f4,数据帧,扩展帧,01,03 
1666,接收,16:46:49:928,,0x081e56f4,数据帧,扩展帧,04,00 01 00 00 
1667,接收,16:46:49:998,,0x18ff56f4,数据帧,扩展帧,01,03 
1668,接收,16:46:50:178,,0x081e56f4,数据帧,扩展帧,04,00 01 00 00 
1669,接收,16:46:50:248,,0x18ff56f4,数据帧,扩展帧,01,03 
1670,接收,16:46:50:428,,0x081e56f4,数据帧,扩展帧,04,00 01 00 00 
1671,接收,16:46:50:498,,0x18ff56f4,数据帧,扩展帧,01,03 
1672,接收,16:46:50:678,,0x081e56f4,数据帧,扩展帧,04,00 01 00 00 
1673,接收,16:46:50:753,,0x18ff56f4,数据帧,扩展帧,01,03 
1674,接收,16:46:50:924,,0x081e56f4,数据帧,扩展帧,04,00 01 00 00 
1675,接收,16:46:51:004,,0x18ff56f4,数据帧,扩展帧,01,03 
1676,接收,16:46:51:174,,0x081e56f4,数据帧,扩展帧,04,00 01 00 00 
1677,接收,16:46:51:254,,0x18ff56f4,数据帧,扩展帧,01,03 
1678,接收,16:46:51:424,,0x081e56f4,数据帧,扩展帧,04,00 01 00 00 
1679,接收,16:46:51:504,,0x18ff56f4,数据帧,扩展帧,01,03 
1680,接收,16:46:51:674,,0x081e56f4,数据帧,扩展帧,04,00 01 00 00 
1681,接收,16:46:51:745,,0x18ff56f4,数据帧,扩展帧,01,03 
1682,接收,16:46:51:925,,0x081e56f4,数据帧,扩展帧,04,00 01 00 00 
1683,接收,16:46:51:995,,0x18ff56f4,数据帧,扩展帧,01,03 
1684,接收,16:46:52:175,,0x081e56f4,数据帧,扩展帧,04,00 01 00 00 
1685,接收,16:46:52:245,,0x18ff56f4,数据帧,扩展帧,01,03 
1686,接收,16:46:52:425,,0x081e56f4,数据帧,扩展帧,04,00 01 00 00 
1687,接收,16:46:52:495,,0x18ff56f4,数据帧,扩展帧,01,03 
1688,接收,16:46:52:675,,0x081e56f4,数据帧,扩展帧,04,00 01 00 00 
1689,接收,16:46:52:746,,0x18ff56f4,数据帧,扩展帧,01,03 
1690,接收,16:46:52:926,,0x081e56f4,数据帧,扩展帧,04,00 01 00 00 
1691,接收,16:46:52:996,,0x18ff56f4,数据帧,扩展帧,01,03 
1692,接收,16:46:53:176,,0x081e56f4,数据帧,扩展帧,04,00 01 00 00 
1693,接收,16:46:53:246,,0x18ff56f4,数据帧,扩展帧,01,03 
1694,接收,16:46:53:426,,0x081e56f4,数据帧,扩展帧,04,00 01 00 00 
1695,接收,16:46:53:496,,0x18ff56f4,数据帧,扩展帧,01,03 
1696,接收,16:46:53:676,,0x081e56f4,数据帧,扩展帧,04,00 01 00 00 
1697,接收,16:46:53:751,,0x18ff56f4,数据帧,扩展帧,01,03 
1698,接收,16:46:53:921,,0x081e56f4,数据帧,扩展帧,04,00 01 00 00 
1699,接收,16:46:54:001,,0x18ff56f4,数据帧,扩展帧,01,03 
1700,接收,16:46:54:171,,0x081e56f4,数据帧,扩展帧,04,00 01 00 00 
1701,接收,16:46:54:251,,0x18ff56f4,数据帧,扩展帧,01,03 
1702,接收,16:46:54:421,,0x081e56f4,数据帧,扩展帧,04,00 01 00 00 
1703,接收,16:46:54:501,,0x18ff56f4,数据帧,扩展帧,01,03 
1704,接收,16:46:54:671,,0x081e56f4,数据帧,扩展帧,04,00 01 00 00 
1705,接收,16:46:54:752,,0x18ff56f4,数据帧,扩展帧,01,03 
1706,接收,16:46:54:922,,0x081e56f4,数据帧,扩展帧,04,00 01 00 00 
1707,接收,16:46:55:002,,0x18ff56f4,数据帧,扩展帧,01,03 
1708,接收,16:46:55:172,,0x081e56f4,数据帧,扩展帧,04,00 01 00 00 
1709,接收,16:46:55:252,,0x18ff56f4,数据帧,扩展帧,01,03 
1710,接收,16:46:55:422,,0x081e56f4,数据帧,扩展帧,04,00 01 00 00 
1711,接收,16:46:55:502,,0x18ff56f4,数据帧,扩展帧,01,03 
1712,接收,16:46:55:672,,0x081e56f4,数据帧,扩展帧,04,00 01 00 00 
1713,接收,16:46:55:754,,0x18ff56f4,数据帧,扩展帧,01,03 
1714,接收,16:46:55:924,,0x081e56f4,数据帧,扩展帧,04,00 01 00 00 
1715,接收,16:46:56:004,,0x18ff56f4,数据帧,扩展帧,01,03 
1716,接收,16:46:56:174,,0x081e56f4,数据帧,扩展帧,04,00 01 00 00 
1717,接收,16:46:56:254,,0x18ff56f4,数据帧,扩展帧,01,03 
1718,接收,16:46:56:424,,0x081e56f4,数据帧,扩展帧,04,00 01 00 00 
1719,接收,16:46:56:504,,0x18ff56f4,数据帧,扩展帧,01,03 
1720,接收,16:46:56:674,,0x081e56f4,数据帧,扩展帧,04,00 01 00 00 
1721,接收,16:46:56:745,,0x18ff56f4,数据帧,扩展帧,01,03 
1722,接收,16:46:56:925,,0x081e56f4,数据帧,扩展帧,04,00 01 00 00 
1723,接收,16:46:56:995,,0x18ff56f4,数据帧,扩展帧,01,03 
1724,接收,16:46:57:175,,0x081e56f4,数据帧,扩展帧,04,00 01 00 00 
1725,接收,16:46:57:245,,0x18ff56f4,数据帧,扩展帧,01,03 
1726,接收,16:46:57:425,,0x081e56f4,数据帧,扩展帧,04,00 01 00 00 
1727,接收,16:46:57:495,,0x18ff56f4,数据帧,扩展帧,01,03 
1728,接收,16:46:57:675,,0x081e56f4,数据帧,扩展帧,04,00 01 00 00 
1729,接收,16:46:57:746,,0x18ff56f4,数据帧,扩展帧,01,03 
1730,接收,16:46:57:927,,0x081e56f4,数据帧,扩展帧,04,00 01 00 00 
1731,接收,16:46:57:996,,0x18ff56f4,数据帧,扩展帧,01,03 
1732,接收,16:46:58:177,,0x081e56f4,数据帧,扩展帧,04,00 01 00 00 
1733,接收,16:46:58:247,,0x18ff56f4,数据帧,扩展帧,01,03 
1734,接收,16:46:58:426,,0x081e56f4,数据帧,扩展帧,04,00 01 00 00 
1735,接收,16:46:58:496,,0x18ff56f4,数据帧,扩展帧,01,03 
1736,接收,16:46:58:676,,0x081e56f4,数据帧,扩展帧,04,00 01 00 00 
1737,接收,16:46:58:749,,0x18ff56f4,数据帧,扩展帧,01,03 
1738,接收,16:46:58:929,,0x081e56f4,数据帧,扩展帧,04,00 01 00 00 
1739,接收,16:46:58:999,,0x18ff56f4,数据帧,扩展帧,01,03 
1740,接收,16:46:59:173,,0x081e56f4,数据帧,扩展帧,04,00 01 00 00 
1741,接收,16:46:59:245,,0x18ff56f4,数据帧,扩展帧,01,03 
1742,接收,16:46:59:425,,0x081e56f4,数据帧,扩展帧,04,00 01 00 00 
1743,接收,16:46:59:494,,0x18ff56f4,数据帧,扩展帧,01,03 
1744,接收,16:46:59:674,,0x081e56f4,数据帧,扩展帧,04,00 01 00 00 
1745,接收,16:46:59:746,,0x18ff56f4,数据帧,扩展帧,01,03 
1746,接收,16:46:59:926,,0x081e56f4,数据帧,扩展帧,04,00 01 00 00 
1747,接收,16:46:59:996,,0x18ff56f4,数据帧,扩展帧,01,03 
1748,接收,16:47:00:176,,0x081e56f4,数据帧,扩展帧,04,00 01 00 00 
1749,接收,16:47:00:246,,0x18ff56f4,数据帧,扩展帧,01,03 
1750,接收,16:47:00:422,,0x081e56f4,数据帧,扩展帧,04,00 01 00 00 
1751,接收,16:47:00:500,,0x18ff56f4,数据帧,扩展帧,01,03 
1752,接收,16:47:00:675,,0x081e56f4,数据帧,扩展帧,04,00 01 00 00 
1753,接收,16:47:00:749,,0x18ff56f4,数据帧,扩展帧,01,03 
1754,接收,16:47:00:927,,0x081e56f4,数据帧,扩展帧,04,00 01 00 00 
1755,接收,16:47:00:997,,0x18ff56f4,数据帧,扩展帧,01,03 
1756,接收,16:47:01:177,,0x081e56f4,数据帧,扩展帧,04,00 01 00 00 
1757,接收,16:47:01:249,,0x18ff56f4,数据帧,扩展帧,01,03 
1758,接收,16:47:01:422,,0x081e56f4,数据帧,扩展帧,04,00 01 00 00 
1759,接收,16:47:01:502,,0x18ff56f4,数据帧,扩展帧,01,03 
1760,接收,16:47:01:672,,0x081e56f4,数据帧,扩展帧,04,00 01 00 00 
1761,接收,16:47:01:748,,0x18ff56f4,数据帧,扩展帧,01,03 
1762,接收,16:47:01:928,,0x081e56f4,数据帧,扩展帧,04,00 01 00 00 
1763,接收,16:47:01:998,,0x18ff56f4,数据帧,扩展帧,01,03 
1764,接收,16:47:02:178,,0x081e56f4,数据帧,扩展帧,04,00 01 00 00 
1765,接收,16:47:02:248,,0x18ff56f4,数据帧,扩展帧,01,03 
1766,接收,16:47:02:428,,0x081e56f4,数据帧,扩展帧,04,00 01 00 00 
1767,接收,16:47:02:498,,0x18ff56f4,数据帧,扩展帧,01,03 
1768,接收,16:47:02:668,,0x081e56f4,数据帧,扩展帧,04,00 01 00 00 
1769,接收,16:47:02:750,,0x18ff56f4,数据帧,扩展帧,01,03 
1770,接收,16:47:02:920,,0x081e56f4,数据帧,扩展帧,04,00 01 00 00 
1771,接收,16:47:03:000,,0x18ff56f4,数据帧,扩展帧,01,03 
1772,接收,16:47:03:170,,0x081e56f4,数据帧,扩展帧,04,00 01 00 00 
1773,接收,16:47:03:250,,0x18ff56f4,数据帧,扩展帧,01,03 
1774,接收,16:47:03:420,,0x081e56f4,数据帧,扩展帧,04,00 01 00 00 
1775,接收,16:47:03:500,,0x18ff56f4,数据帧,扩展帧,01,03 
1776,接收,16:47:03:670,,0x081e56f4,数据帧,扩展帧,04,00 01 00 00 
1777,接收,16:47:03:753,,0x18ff56f4,数据帧,扩展帧,01,03 
1778,接收,16:47:03:922,,0x081e56f4,数据帧,扩展帧,04,00 01 00 00 
1779,接收,16:47:04:002,,0x18ff56f4,数据帧,扩展帧,01,03 
1780,接收,16:47:04:176,,0x081e56f4,数据帧,扩展帧,04,00 01 00 00 
1781,接收,16:47:04:246,,0x18ff56f4,数据帧,扩展帧,01,03 
1782,接收,16:47:04:426,,0x081e56f4,数据帧,扩展帧,04,00 01 00 00 
1783,接收,16:47:04:496,,0x18ff56f4,数据帧,扩展帧,01,03 
1784,接收,16:47:04:676,,0x081e56f4,数据帧,扩展帧,04,00 01 00 00 
1785,接收,16:47:04:747,,0x18ff56f4,数据帧,扩展帧,01,03 
1786,接收,16:47:04:927,,0x081e56f4,数据帧,扩展帧,04,00 01 00 00 
1787,接收,16:47:04:997,,0x18ff56f4,数据帧,扩展帧,01,03 
1788,接收,16:47:05:171,,0x081e56f4,数据帧,扩展帧,04,00 01 00 00 
1789,接收,16:47:05:251,,0x18ff56f4,数据帧,扩展帧,01,03 
1790,接收,16:47:05:421,,0x081e56f4,数据帧,扩展帧,04,00 01 00 00 
1791,接收,16:47:05:501,,0x18ff56f4,数据帧,扩展帧,01,03 
1792,接收,16:47:05:671,,0x081e56f4,数据帧,扩展帧,04,00 01 00 00 
1793,接收,16:47:05:753,,0x18ff56f4,数据帧,扩展帧,01,03 
1794,接收,16:47:05:923,,0x081e56f4,数据帧,扩展帧,04,00 01 00 00 
1795,接收,16:47:06:003,,0x18ff56f4,数据帧,扩展帧,01,03 
1796,接收,16:47:06:173,,0x081e56f4,数据帧,扩展帧,04,00 01 00 00 
1797,接收,16:47:06:253,,0x18ff56f4,数据帧,扩展帧,01,03 
1798,接收,16:47:06:423,,0x081e56f4,数据帧,扩展帧,04,00 01 00 00 
1799,接收,16:47:06:503,,0x18ff56f4,数据帧,扩展帧,01,03 
1800,接收,16:47:06:673,,0x081e56f4,数据帧,扩展帧,04,00 01 00 00 
1801,接收,16:47:06:748,,0x18ff56f4,数据帧,扩展帧,01,03 
1802,接收,16:47:06:928,,0x081e56f4,数据帧,扩展帧,04,00 01 00 00 
1803,接收,16:47:06:998,,0x18ff56f4,数据帧,扩展帧,01,03 
1804,接收,16:47:07:178,,0x081e56f4,数据帧,扩展帧,04,00 01 00 00 
1805,接收,16:47:07:248,,0x18ff56f4,数据帧,扩展帧,01,03 
1806,接收,16:47:07:428,,0x081e56f4,数据帧,扩展帧,04,00 01 00 00 
1807,接收,16:47:07:498,,0x18ff56f4,数据帧,扩展帧,01,03 
1808,接收,16:47:07:678,,0x081e56f4,数据帧,扩展帧,04,00 01 00 00 
1809,接收,16:47:07:750,,0x18ff56f4,数据帧,扩展帧,01,03 
1810,接收,16:47:07:930,,0x081e56f4,数据帧,扩展帧,04,00 01 00 00 
1811,接收,16:47:08:000,,0x18ff56f4,数据帧,扩展帧,01,03 
1812,接收,16:47:08:180,,0x081e56f4,数据帧,扩展帧,04,00 01 00 00 
1813,接收,16:47:08:250,,0x18ff56f4,数据帧,扩展帧,01,03 
1814,接收,16:47:08:430,,0x081e56f4,数据帧,扩展帧,04,00 01 00 00 
1815,接收,16:47:08:500,,0x18ff56f4,数据帧,扩展帧,01,03 
1816,接收,16:47:08:680,,0x081e56f4,数据帧,扩展帧,04,00 01 00 00 
1817,接收,16:47:08:752,,0x18ff56f4,数据帧,扩展帧,01,03 
1818,接收,16:47:08:922,,0x081e56f4,数据帧,扩展帧,04,00 01 00 00 
1819,接收,16:47:09:002,,0x18ff56f4,数据帧,扩展帧,01,03 
1820,接收,16:47:09:172,,0x081e56f4,数据帧,扩展帧,04,00 01 00 00 
1821,接收,16:47:09:252,,0x18ff56f4,数据帧,扩展帧,01,03 
1822,接收,16:47:09:422,,0x081e56f4,数据帧,扩展帧,04,00 01 00 00 
1823,接收,16:47:09:502,,0x18ff56f4,数据帧,扩展帧,01,03 
1824,接收,16:47:09:672,,0x081e56f4,数据帧,扩展帧,04,00 01 00 00 
1825,接收,16:47:09:753,,0x18ff56f4,数据帧,扩展帧,01,03 
1826,接收,16:47:09:923,,0x081e56f4,数据帧,扩展帧,04,00 01 00 00 
1827,接收,16:47:10:003,,0x18ff56f4,数据帧,扩展帧,01,03 
1828,接收,16:47:10:173,,0x081e56f4,数据帧,扩展帧,04,00 01 00 00 
1829,接收,16:47:10:253,,0x18ff56f4,数据帧,扩展帧,01,03 
1830,接收,16:47:10:423,,0x081e56f4,数据帧,扩展帧,04,00 01 00 00 
1831,接收,16:47:10:503,,0x18ff56f4,数据帧,扩展帧,01,03 
1832,接收,16:47:10:673,,0x081e56f4,数据帧,扩展帧,04,00 01 00 00 
1833,接收,16:47:10:754,,0x18ff56f4,数据帧,扩展帧,01,03 
1834,接收,16:47:10:924,,0x081e56f4,数据帧,扩展帧,04,00 01 00 00 
1835,接收,16:47:11:004,,0x18ff56f4,数据帧,扩展帧,01,03 
1836,接收,16:47:11:174,,0x081e56f4,数据帧,扩展帧,04,00 01 00 00 
1837,接收,16:47:11:254,,0x18ff56f4,数据帧,扩展帧,01,03 
1838,接收,16:47:11:424,,0x081e56f4,数据帧,扩展帧,04,00 01 00 00 
1839,接收,16:47:11:504,,0x18ff56f4,数据帧,扩展帧,01,03 
1840,接收,16:47:11:674,,0x081e56f4,数据帧,扩展帧,04,00 01 00 00 
1841,接收,16:47:11:748,,0x18ff56f4,数据帧,扩展帧,01,03 
1842,接收,16:47:11:928,,0x081e56f4,数据帧,扩展帧,04,00 01 00 00 
1843,接收,16:47:11:998,,0x18ff56f4,数据帧,扩展帧,01,03 
1844,接收,16:47:12:178,,0x081e56f4,数据帧,扩展帧,04,00 01 00 00 
1845,接收,16:47:12:248,,0x18ff56f4,数据帧,扩展帧,01,03 
1846,接收,16:47:12:428,,0x081e56f4,数据帧,扩展帧,04,00 01 00 00 
1847,接收,16:47:12:498,,0x18ff56f4,数据帧,扩展帧,01,03 
1848,接收,16:47:12:678,,0x081e56f4,数据帧,扩展帧,04,00 01 00 00 
1849,接收,16:47:12:749,,0x18ff56f4,数据帧,扩展帧,01,03 
1850,接收,16:47:12:930,,0x081e56f4,数据帧,扩展帧,04,00 01 00 00 
1851,接收,16:47:13:000,,0x18ff56f4,数据帧,扩展帧,01,03 
1852,接收,16:47:13:180,,0x081e56f4,数据帧,扩展帧,04,00 01 00 00 
1853,接收,16:47:13:250,,0x18ff56f4,数据帧,扩展帧,01,03 
1854,接收,16:47:13:430,,0x081e56f4,数据帧,扩展帧,04,00 01 00 00 
1855,接收,16:47:13:500,,0x18ff56f4,数据帧,扩展帧,01,03 
1856,接收,16:47:13:680,,0x081e56f4,数据帧,扩展帧,04,00 01 00 00 
1857,接收,16:47:13:752,,0x18ff56f4,数据帧,扩展帧,01,03 
1858,接收,16:47:13:922,,0x081e56f4,数据帧,扩展帧,04,00 01 00 00 
1859,接收,16:47:14:002,,0x18ff56f4,数据帧,扩展帧,01,03 
1860,接收,16:47:14:172,,0x081e56f4,数据帧,扩展帧,04,00 01 00 00 
1861,接收,16:47:14:252,,0x18ff56f4,数据帧,扩展帧,01,03 
1862,接收,16:47:14:422,,0x081e56f4,数据帧,扩展帧,04,00 01 00 00 
1863,接收,16:47:14:502,,0x18ff56f4,数据帧,扩展帧,01,03 
1864,接收,16:47:14:672,,0x081e56f4,数据帧,扩展帧,04,00 01 00 00 
1865,接收,16:47:14:749,,0x18ff56f4,数据帧,扩展帧,01,03 
1866,接收,16:47:14:929,,0x081e56f4,数据帧,扩展帧,04,00 01 00 00 
1867,接收,16:47:14:999,,0x18ff56f4,数据帧,扩展帧,01,03 
1868,接收,16:47:15:179,,0x081e56f4,数据帧,扩展帧,04,00 01 00 00 
1869,接收,16:47:15:249,,0x18ff56f4,数据帧,扩展帧,01,03 
1870,接收,16:47:15:429,,0x081e56f4,数据帧,扩展帧,04,00 01 00 00 
1871,接收,16:47:15:499,,0x18ff56f4,数据帧,扩展帧,01,03 
1872,接收,16:47:15:679,,0x081e56f4,数据帧,扩展帧,04,00 01 00 00 
1873,接收,16:47:15:750,,0x18ff56f4,数据帧,扩展帧,01,03 
1874,接收,16:47:15:920,,0x081e56f4,数据帧,扩展帧,04,00 01 00 00 
1875,接收,16:47:16:000,,0x18ff56f4,数据帧,扩展帧,01,03 
1876,接收,16:47:16:170,,0x081e56f4,数据帧,扩展帧,04,00 01 00 00 
1877,接收,16:47:16:250,,0x18ff56f4,数据帧,扩展帧,01,03 
1878,接收,16:47:16:430,,0x081e56f4,数据帧,扩展帧,04,00 01 00 00 
1879,接收,16:47:16:500,,0x18ff56f4,数据帧,扩展帧,01,03 
1880,接收,16:47:16:670,,0x081e56f4,数据帧,扩展帧,04,00 01 00 00 
1881,接收,16:47:16:752,,0x18ff56f4,数据帧,扩展帧,01,03 
1882,接收,16:47:16:922,,0x081e56f4,数据帧,扩展帧,04,00 01 00 00 
1883,接收,16:47:17:002,,0x18ff56f4,数据帧,扩展帧,01,03 
1884,接收,16:47:17:172,,0x081e56f4,数据帧,扩展帧,04,00 01 00 00 
1885,接收,16:47:17:252,,0x18ff56f4,数据帧,扩展帧,01,03 
1886,接收,16:47:17:423,,0x081e56f4,数据帧,扩展帧,04,00 01 00 00 
1887,接收,16:47:17:503,,0x18ff56f4,数据帧,扩展帧,01,03 
1888,接收,16:47:17:672,,0x081e56f4,数据帧,扩展帧,04,00 01 00 00 
1889,接收,16:47:17:754,,0x18ff56f4,数据帧,扩展帧,01,03 
1890,接收,16:47:17:923,,0x081e56f4,数据帧,扩展帧,04,00 01 00 00 
1891,接收,16:47:18:004,,0x18ff56f4,数据帧,扩展帧,01,03 
1892,接收,16:47:18:174,,0x081e56f4,数据帧,扩展帧,04,00 01 00 00 
1893,接收,16:47:18:254,,0x18ff56f4,数据帧,扩展帧,01,03 
1894,接收,16:47:18:424,,0x081e56f4,数据帧,扩展帧,04,00 01 00 00 
1895,接收,16:47:18:504,,0x18ff56f4,数据帧,扩展帧,01,03 
1896,接收,16:47:18:674,,0x081e56f4,数据帧,扩展帧,04,00 01 00 00 
1897,接收,16:47:18:745,,0x18ff56f4,数据帧,扩展帧,01,03 
1898,接收,16:47:18:925,,0x081e56f4,数据帧,扩展帧,04,00 01 00 00 
1899,接收,16:47:19:000,,0x18ff56f4,数据帧,扩展帧,01,03 
1900,接收,16:47:19:170,,0x081e56f4,数据帧,扩展帧,04,00 01 00 00 
1901,接收,16:47:19:250,,0x18ff56f4,数据帧,扩展帧,01,03 
1902,接收,16:47:19:420,,0x081e56f4,数据帧,扩展帧,04,00 01 00 00 
1903,接收,16:47:19:500,,0x18ff56f4,数据帧,扩展帧,01,03 
1904,接收,16:47:19:680,,0x081e56f4,数据帧,扩展帧,04,00 01 00 00 
1905,接收,16:47:19:751,,0x18ff56f4,数据帧,扩展帧,01,03 
1906,接收,16:47:19:921,,0x081e56f4,数据帧,扩展帧,04,00 01 00 00 
1907,接收,16:47:20:001,,0x18ff56f4,数据帧,扩展帧,01,03 
1908,接收,16:47:20:171,,0x081e56f4,数据帧,扩展帧,04,00 01 00 00 
1909,接收,16:47:20:251,,0x18ff56f4,数据帧,扩展帧,01,03 
1910,接收,16:47:20:421,,0x081e56f4,数据帧,扩展帧,04,00 01 00 00 
1911,接收,16:47:20:501,,0x18ff56f4,数据帧,扩展帧,01,03 
1912,接收,16:47:20:671,,0x081e56f4,数据帧,扩展帧,04,00 01 00 00 
1913,接收,16:47:20:753,,0x18ff56f4,数据帧,扩展帧,01,03 
1914,接收,16:47:20:923,,0x081e56f4,数据帧,扩展帧,04,00 01 00 00 
1915,接收,16:47:21:003,,0x18ff56f4,数据帧,扩展帧,01,03 
1916,接收,16:47:21:173,,0x081e56f4,数据帧,扩展帧,04,00 01 00 00 
1917,接收,16:47:21:253,,0x18ff56f4,数据帧,扩展帧,01,03 
1918,接收,16:47:21:423,,0x081e56f4,数据帧,扩展帧,04,00 01 00 00 
1919,接收,16:47:21:503,,0x18ff56f4,数据帧,扩展帧,01,03 
1920,接收,16:47:21:673,,0x081e56f4,数据帧,扩展帧,04,00 01 00 00 
1921,接收,16:47:21:754,,0x18ff56f4,数据帧,扩展帧,01,03 
1922,接收,16:47:21:924,,0x081e56f4,数据帧,扩展帧,04,00 01 00 00 
1923,接收,16:47:22:004,,0x18ff56f4,数据帧,扩展帧,01,03 
1924,接收,16:47:22:174,,0x081e56f4,数据帧,扩展帧,04,00 01 00 00 
1925,接收,16:47:22:254,,0x18ff56f4,数据帧,扩展帧,01,03 
1926,接收,16:47:22:424,,0x081e56f4,数据帧,扩展帧,04,00 01 00 00 
1927,接收,16:47:22:504,,0x18ff56f4,数据帧,扩展帧,01,03 
1928,接收,16:47:22:674,,0x081e56f4,数据帧,扩展帧,04,00 01 00 00 
1929,接收,16:47:22:755,,0x18ff56f4,数据帧,扩展帧,01,03 
1930,接收,16:47:22:925,,0x081e56f4,数据帧,扩展帧,04,00 01 00 00 
1931,接收,16:47:23:005,,0x18ff56f4,数据帧,扩展帧,01,03 
1932,接收,16:47:23:175,,0x081e56f4,数据帧,扩展帧,04,00 01 00 00 
1933,接收,16:47:23:255,,0x18ff56f4,数据帧,扩展帧,01,03 
1934,接收,16:47:23:425,,0x081e56f4,数据帧,扩展帧,04,00 01 00 00 
1935,接收,16:47:23:505,,0x18ff56f4,数据帧,扩展帧,01,03 
1936,接收,16:47:23:675,,0x081e56f4,数据帧,扩展帧,04,00 01 00 00 
1937,接收,16:47:23:746,,0x18ff56f4,数据帧,扩展帧,01,03 
1938,接收,16:47:23:926,,0x081e56f4,数据帧,扩展帧,04,00 01 00 00 
1939,接收,16:47:23:996,,0x18ff56f4,数据帧,扩展帧,01,03 
1940,接收,16:47:24:176,,0x081e56f4,数据帧,扩展帧,04,00 01 00 00 
1941,接收,16:47:24:246,,0x18ff56f4,数据帧,扩展帧,01,03 
1942,接收,16:47:24:426,,0x081e56f4,数据帧,扩展帧,04,00 01 00 00 
1943,接收,16:47:24:496,,0x18ff56f4,数据帧,扩展帧,01,03 
1944,接收,16:47:24:676,,0x081e56f4,数据帧,扩展帧,04,00 01 00 00 
1945,接收,16:47:24:750,,0x18ff56f4,数据帧,扩展帧,01,03 
1946,接收,16:47:24:920,,0x081e56f4,数据帧,扩展帧,04,00 01 00 00 
1947,接收,16:47:25:000,,0x18ff56f4,数据帧,扩展帧,01,03 
1948,接收,16:47:25:180,,0x081e56f4,数据帧,扩展帧,04,00 01 00 00 
1949,接收,16:47:25:250,,0x18ff56f4,数据帧,扩展帧,01,03 
1950,接收,16:47:25:430,,0x081e56f4,数据帧,扩展帧,04,00 01 00 00 
1951,接收,16:47:25:500,,0x18ff56f4,数据帧,扩展帧,01,03 
1952,接收,16:47:25:670,,0x081e56f4,数据帧,扩展帧,04,00 01 00 00 
1953,接收,16:47:25:752,,0x18ff56f4,数据帧,扩展帧,01,03 
1954,接收,16:47:25:922,,0x081e56f4,数据帧,扩展帧,04,00 01 00 00 
1955,接收,16:47:26:002,,0x18ff56f4,数据帧,扩展帧,01,03 
1956,接收,16:47:26:172,,0x081e56f4,数据帧,扩展帧,04,00 01 00 00 
1957,接收,16:47:26:252,,0x18ff56f4,数据帧,扩展帧,01,03 
1958,接收,16:47:26:422,,0x081e56f4,数据帧,扩展帧,04,00 01 00 00 
1959,接收,16:47:26:502,,0x18ff56f4,数据帧,扩展帧,01,03 
1960,接收,16:47:26:672,,0x081e56f4,数据帧,扩展帧,04,00 01 00 00 
1961,接收,16:47:26:746,,0x18ff56f4,数据帧,扩展帧,01,03 
1962,接收,16:47:26:926,,0x081e56f4,数据帧,扩展帧,04,00 01 00 00 
1963,接收,16:47:26:996,,0x18ff56f4,数据帧,扩展帧,01,03 
1964,接收,16:47:27:176,,0x081e56f4,数据帧,扩展帧,04,00 01 00 00 
1965,接收,16:47:27:246,,0x18ff56f4,数据帧,扩展帧,01,03 
1966,接收,16:47:27:426,,0x081e56f4,数据帧,扩展帧,04,00 01 00 00 
1967,接收,16:47:27:496,,0x18ff56f4,数据帧,扩展帧,01,03 
1968,接收,16:47:27:676,,0x081e56f4,数据帧,扩展帧,04,00 01 00 00 
1969,接收,16:47:27:748,,0x18ff56f4,数据帧,扩展帧,01,03 
1970,接收,16:47:27:928,,0x081e56f4,数据帧,扩展帧,04,00 01 00 00 
1971,接收,16:47:27:998,,0x18ff56f4,数据帧,扩展帧,01,03 
1972,接收,16:47:28:178,,0x081e56f4,数据帧,扩展帧,04,00 01 00 00 
1973,接收,16:47:28:248,,0x18ff56f4,数据帧,扩展帧,01,03 
1974,接收,16:47:28:428,,0x081e56f4,数据帧,扩展帧,04,00 01 00 00 
1975,接收,16:47:28:498,,0x18ff56f4,数据帧,扩展帧,01,03 
1976,接收,16:47:28:678,,0x081e56f4,数据帧,扩展帧,04,00 01 00 00 
1977,接收,16:47:28:750,,0x18ff56f4,数据帧,扩展帧,01,03 
1978,接收,16:47:28:930,,0x081e56f4,数据帧,扩展帧,04,00 01 00 00 
1979,接收,16:47:29:000,,0x18ff56f4,数据帧,扩展帧,01,03 
1980,接收,16:47:29:180,,0x081e56f4,数据帧,扩展帧,04,00 01 00 00 
1981,接收,16:47:29:250,,0x18ff56f4,数据帧,扩展帧,01,03 
1982,接收,16:47:29:430,,0x081e56f4,数据帧,扩展帧,04,00 01 00 00 
1983,接收,16:47:29:500,,0x18ff56f4,数据帧,扩展帧,01,03 
1984,接收,16:47:29:680,,0x081e56f4,数据帧,扩展帧,04,00 01 00 00 
1985,接收,16:47:29:751,,0x18ff56f4,数据帧,扩展帧,01,03 
1986,接收,16:47:29:921,,0x081e56f4,数据帧,扩展帧,04,00 01 00 00 
1987,接收,16:47:30:001,,0x18ff56f4,数据帧,扩展帧,01,03 
1988,接收,16:47:30:171,,0x081e56f4,数据帧,扩展帧,04,00 01 00 00 
1989,接收,16:47:30:251,,0x18ff56f4,数据帧,扩展帧,01,03 
1990,接收,16:47:30:421,,0x081e56f4,数据帧,扩展帧,04,00 01 00 00 
1991,接收,16:47:30:501,,0x18ff56f4,数据帧,扩展帧,01,03 
1992,接收,16:47:30:671,,0x081e56f4,数据帧,扩展帧,04,00 01 00 00 
1993,接收,16:47:30:754,,0x18ff56f4,数据帧,扩展帧,01,03 
1994,接收,16:47:30:924,,0x081e56f4,数据帧,扩展帧,04,00 01 00 00 
1995,接收,16:47:31:004,,0x18ff56f4,数据帧,扩展帧,01,03 
1996,接收,16:47:31:174,,0x081e56f4,数据帧,扩展帧,04,00 01 00 00 
1997,接收,16:47:31:254,,0x18ff56f4,数据帧,扩展帧,01,03 
1998,接收,16:47:31:424,,0x081e56f4,数据帧,扩展帧,04,00 01 00 00 
1999,接收,16:47:31:504,,0x18ff56f4,数据帧,扩展帧,01,03 
2000,接收,16:47:31:674,,0x081e56f4,数据帧,扩展帧,04,00 01 00 00 
2001,接收,16:47:31:755,,0x18ff56f4,数据帧,扩展帧,01,03 
2002,接收,16:47:31:925,,0x081e56f4,数据帧,扩展帧,04,00 01 00 00 
2003,接收,16:47:32:005,,0x18ff56f4,数据帧,扩展帧,01,03 
2004,接收,16:47:32:175,,0x081e56f4,数据帧,扩展帧,04,00 01 00 00 
2005,接收,16:47:32:255,,0x18ff56f4,数据帧,扩展帧,01,03 
2006,接收,16:47:32:425,,0x081e56f4,数据帧,扩展帧,04,00 01 00 00 
2007,接收,16:47:32:495,,0x18ff56f4,数据帧,扩展帧,01,03 
2008,接收,16:47:32:675,,0x081e56f4,数据帧,扩展帧,04,00 01 00 00 
2009,接收,16:47:32:765,,0x18ff56f4,数据帧,扩展帧,01,03 
2010,接收,16:47:32:925,,0x081e56f4,数据帧,扩展帧,04,00 01 00 00 
2011,接收,16:47:33:005,,0x18ff56f4,数据帧,扩展帧,01,03 
2012,接收,16:47:33:175,,0x081e56f4,数据帧,扩展帧,04,00 01 00 00 
2013,接收,16:47:33:255,,0x18ff56f4,数据帧,扩展帧,01,03 
2014,接收,16:47:33:425,,0x081e56f4,数据帧,扩展帧,04,00 01 00 00 
2015,接收,16:47:33:505,,0x18ff56f4,数据帧,扩展帧,01,03 
2016,接收,16:47:33:675,,0x081e56f4,数据帧,扩展帧,04,00 01 00 00 
2017,接收,16:47:33:748,,0x18ff56f4,数据帧,扩展帧,01,03 
2018,接收,16:47:33:928,,0x081e56f4,数据帧,扩展帧,04,00 01 00 00 
2019,接收,16:47:33:998,,0x18ff56f4,数据帧,扩展帧,01,03 
2020,接收,16:47:34:178,,0x081e56f4,数据帧,扩展帧,04,00 01 00 00 
2021,接收,16:47:34:248,,0x18ff56f4,数据帧,扩展帧,01,03 
2022,接收,16:47:34:428,,0x081e56f4,数据帧,扩展帧,04,00 01 00 00 
2023,接收,16:47:34:498,,0x18ff56f4,数据帧,扩展帧,01,03 
2024,接收,16:47:34:678,,0x081e56f4,数据帧,扩展帧,04,00 01 00 00 
2025,接收,16:47:34:751,,0x18ff56f4,数据帧,扩展帧,01,03 
2026,接收,16:47:34:921,,0x081e56f4,数据帧,扩展帧,04,00 01 00 00 
2027,接收,16:47:35:001,,0x18ff56f4,数据帧,扩展帧,01,03 
2028,接收,16:47:35:171,,0x081e56f4,数据帧,扩展帧,04,00 01 00 00 
2029,接收,16:47:35:251,,0x18ff56f4,数据帧,扩展帧,01,03 
2030,接收,16:47:35:421,,0x081e56f4,数据帧,扩展帧,04,00 01 00 00 
2031,接收,16:47:35:501,,0x18ff56f4,数据帧,扩展帧,01,03 
2032,接收,16:47:35:671,,0x081e56f4,数据帧,扩展帧,04,00 01 00 00 
2033,接收,16:47:35:756,,0x18ff56f4,数据帧,扩展帧,01,03 
2034,接收,16:47:35:926,,0x081e56f4,数据帧,扩展帧,04,00 01 00 00 
2035,接收,16:47:35:996,,0x18ff56f4,数据帧,扩展帧,01,03 
2036,接收,16:47:36:176,,0x081e56f4,数据帧,扩展帧,04,00 01 00 00 
2037,接收,16:47:36:246,,0x18ff56f4,数据帧,扩展帧,01,03 
2038,接收,16:47:36:426,,0x081e56f4,数据帧,扩展帧,04,00 01 00 00 
2039,接收,16:47:36:506,,0x18ff56f4,数据帧,扩展帧,01,03 
2040,接收,16:47:36:676,,0x081e56f4,数据帧,扩展帧,04,00 01 00 00 
2041,接收,16:47:36:747,,0x18ff56f4,数据帧,扩展帧,01,03 
2042,接收,16:47:36:927,,0x081e56f4,数据帧,扩展帧,04,00 01 00 00 
2043,接收,16:47:36:997,,0x18ff56f4,数据帧,扩展帧,01,03 
2044,接收,16:47:37:177,,0x081e56f4,数据帧,扩展帧,04,00 01 00 00 
2045,接收,16:47:37:247,,0x18ff56f4,数据帧,扩展帧,01,03 
2046,接收,16:47:37:427,,0x081e56f4,数据帧,扩展帧,04,00 01 00 00 
2047,接收,16:47:37:497,,0x18ff56f4,数据帧,扩展帧,01,03 
2048,接收,16:47:37:677,,0x081e56f4,数据帧,扩展帧,04,00 01 00 00 
2049,接收,16:47:37:748,,0x18ff56f4,数据帧,扩展帧,01,03 
2050,接收,16:47:37:928,,0x081e56f4,数据帧,扩展帧,04,00 01 00 00 
2051,接收,16:47:37:998,,0x18ff56f4,数据帧,扩展帧,01,03 
2052,接收,16:47:38:178,,0x081e56f4,数据帧,扩展帧,04,00 01 00 00 
2053,接收,16:47:38:248,,0x18ff56f4,数据帧,扩展帧,01,03 
2054,接收,16:47:38:428,,0x081e56f4,数据帧,扩展帧,04,00 01 00 00 
2055,接收,16:47:38:498,,0x18ff56f4,数据帧,扩展帧,01,03 
2056,接收,16:47:38:678,,0x081e56f4,数据帧,扩展帧,04,00 01 00 00 
2057,接收,16:47:38:750,,0x18ff56f4,数据帧,扩展帧,01,03 
2058,接收,16:47:38:930,,0x081e56f4,数据帧,扩展帧,04,00 01 00 00 
2059,接收,16:47:39:000,,0x18ff56f4,数据帧,扩展帧,01,03 
2060,接收,16:47:39:180,,0x081e56f4,数据帧,扩展帧,04,00 01 00 00 
2061,接收,16:47:39:250,,0x18ff56f4,数据帧,扩展帧,01,03 
2062,接收,16:47:39:430,,0x081e56f4,数据帧,扩展帧,04,00 01 00 00 
2063,接收,16:47:39:500,,0x18ff56f4,数据帧,扩展帧,01,03 
2064,接收,16:47:39:680,,0x081e56f4,数据帧,扩展帧,04,00 01 00 00 
2065,接收,16:47:39:751,,0x18ff56f4,数据帧,扩展帧,01,03 
2066,接收,16:47:39:921,,0x081e56f4,数据帧,扩展帧,04,00 01 00 00 
2067,接收,16:47:39:998,,0x18ff56f4,数据帧,扩展帧,01,03 
2068,接收,16:47:40:176,,0x081e56f4,数据帧,扩展帧,04,00 01 00 00 
2069,接收,16:47:40:256,,0x18ff56f4,数据帧,扩展帧,01,03 
2070,接收,16:47:40:426,,0x081e56f4,数据帧,扩展帧,04,00 01 00 00 
2071,接收,16:47:40:506,,0x18ff56f4,数据帧,扩展帧,01,03 
2072,接收,16:47:40:676,,0x081e56f4,数据帧,扩展帧,04,00 01 00 00 
2073,接收,16:47:40:747,,0x18ff56f4,数据帧,扩展帧,01,03 
2074,接收,16:47:40:927,,0x081e56f4,数据帧,扩展帧,04,00 01 00 00 
2075,接收,16:47:40:997,,0x18ff56f4,数据帧,扩展帧,01,03 
2076,接收,16:47:41:177,,0x081e56f4,数据帧,扩展帧,04,00 01 00 00 
2077,接收,16:47:41:247,,0x18ff56f4,数据帧,扩展帧,01,03 
2078,接收,16:47:41:428,,0x081e56f4,数据帧,扩展帧,04,00 01 00 00 
2079,接收,16:47:41:498,,0x18ff56f4,数据帧,扩展帧,01,03 
2080,接收,16:47:41:678,,0x081e56f4,数据帧,扩展帧,04,00 01 00 00 
2081,接收,16:47:41:748,,0x18ff56f4,数据帧,扩展帧,01,03 
2082,接收,16:47:41:929,,0x081e56f4,数据帧,扩展帧,04,00 01 00 00 
2083,接收,16:47:41:999,,0x18ff56f4,数据帧,扩展帧,01,03 
2084,接收,16:47:42:179,,0x081e56f4,数据帧,扩展帧,04,00 01 00 00 
2085,接收,16:47:42:249,,0x18ff56f4,数据帧,扩展帧,01,03 
2086,接收,16:47:42:429,,0x081e56f4,数据帧,扩展帧,04,00 01 00 00 
2087,接收,16:47:42:499,,0x18ff56f4,数据帧,扩展帧,01,03 
2088,接收,16:47:42:679,,0x081e56f4,数据帧,扩展帧,04,00 01 00 00 
2089,接收,16:47:42:749,,0x18ff56f4,数据帧,扩展帧,01,03 
2090,接收,16:47:42:930,,0x081e56f4,数据帧,扩展帧,04,00 01 00 00 
2091,接收,16:47:43:000,,0x18ff56f4,数据帧,扩展帧,01,03 
2092,接收,16:47:43:180,,0x081e56f4,数据帧,扩展帧,04,00 01 00 00 
2093,接收,16:47:43:250,,0x18ff56f4,数据帧,扩展帧,01,03 
2094,接收,16:47:43:430,,0x081e56f4,数据帧,扩展帧,04,00 01 00 00 
2095,接收,16:47:43:500,,0x18ff56f4,数据帧,扩展帧,01,03 
2096,接收,16:47:43:680,,0x081e56f4,数据帧,扩展帧,04,00 01 00 00 
2097,接收,16:47:43:752,,0x18ff56f4,数据帧,扩展帧,01,03 
2098,接收,16:47:43:922,,0x081e56f4,数据帧,扩展帧,04,00 01 00 00 
2099,接收,16:47:44:002,,0x18ff56f4,数据帧,扩展帧,01,03 
2100,接收,16:47:44:172,,0x081e56f4,数据帧,扩展帧,04,00 01 00 00 
2101,接收,16:47:44:252,,0x18ff56f4,数据帧,扩展帧,01,03 
2102,接收,16:47:44:422,,0x081e56f4,数据帧,扩展帧,04,00 01 00 00 
2103,接收,16:47:44:502,,0x18ff56f4,数据帧,扩展帧,01,03 
2104,接收,16:47:44:672,,0x081e56f4,数据帧,扩展帧,04,00 01 00 00 
2105,接收,16:47:44:749,,0x18ff56f4,数据帧,扩展帧,01,03 
2106,接收,16:47:44:929,,0x081e56f4,数据帧,扩展帧,04,00 01 00 00 
2107,接收,16:47:44:999,,0x18ff56f4,数据帧,扩展帧,01,03 
2108,接收,16:47:45:179,,0x081e56f4,数据帧,扩展帧,04,00 01 00 00 
2109,接收,16:47:45:249,,0x18ff56f4,数据帧,扩展帧,01,03 
2110,接收,16:47:45:429,,0x081e56f4,数据帧,扩展帧,04,00 01 00 00 
2111,接收,16:47:45:499,,0x18ff56f4,数据帧,扩展帧,01,03 
2112,接收,16:47:45:679,,0x081e56f4,数据帧,扩展帧,04,00 01 00 00 
2113,接收,16:47:45:754,,0x18ff56f4,数据帧,扩展帧,01,03 
2114,接收,16:47:45:924,,0x081e56f4,数据帧,扩展帧,04,00 01 00 00 
2115,接收,16:47:46:004,,0x18ff56f4,数据帧,扩展帧,01,03 
2116,接收,16:47:46:174,,0x081e56f4,数据帧,扩展帧,04,00 01 00 00 
2117,接收,16:47:46:254,,0x18ff56f4,数据帧,扩展帧,01,03 
2118,接收,16:47:46:424,,0x081e56f4,数据帧,扩展帧,04,00 01 00 00 
2119,接收,16:47:46:504,,0x18ff56f4,数据帧,扩展帧,01,03 
2120,接收,16:47:46:674,,0x081e56f4,数据帧,扩展帧,04,00 01 00 00 
2121,接收,16:47:46:755,,0x18ff56f4,数据帧,扩展帧,01,03 
2122,接收,16:47:46:925,,0x081e56f4,数据帧,扩展帧,04,00 01 00 00 
2123,接收,16:47:47:005,,0x18ff56f4,数据帧,扩展帧,01,03 
2124,接收,16:47:47:175,,0x081e56f4,数据帧,扩展帧,04,00 01 00 00 
2125,接收,16:47:47:255,,0x18ff56f4,数据帧,扩展帧,01,03 
2126,接收,16:47:47:425,,0x081e56f4,数据帧,扩展帧,04,00 01 00 00 
2127,接收,16:47:47:505,,0x18ff56f4,数据帧,扩展帧,01,03 
2128,接收,16:47:47:675,,0x081e56f4,数据帧,扩展帧,04,00 01 00 00 
2129,接收,16:47:47:746,,0x18ff56f4,数据帧,扩展帧,01,03 
2130,接收,16:47:47:926,,0x081e56f4,数据帧,扩展帧,04,00 01 00 00 
2131,接收,16:47:47:996,,0x18ff56f4,数据帧,扩展帧,01,03 
2132,接收,16:47:48:176,,0x081e56f4,数据帧,扩展帧,04,00 01 00 00 
2133,接收,16:47:48:246,,0x18ff56f4,数据帧,扩展帧,01,03 
2134,接收,16:47:48:426,,0x081e56f4,数据帧,扩展帧,04,00 01 00 00 
2135,接收,16:47:48:496,,0x18ff56f4,数据帧,扩展帧,01,03 
2136,接收,16:47:48:676,,0x081e56f4,数据帧,扩展帧,04,00 01 00 00 
2137,接收,16:47:48:748,,0x18ff56f4,数据帧,扩展帧,01,03 
2138,接收,16:47:48:928,,0x081e56f4,数据帧,扩展帧,04,00 01 00 00 
2139,接收,16:47:48:998,,0x18ff56f4,数据帧,扩展帧,01,03 
2140,接收,16:47:49:178,,0x081e56f4,数据帧,扩展帧,04,00 01 00 00 
2141,接收,16:47:49:248,,0x18ff56f4,数据帧,扩展帧,01,03 
2142,接收,16:47:49:428,,0x081e56f4,数据帧,扩展帧,04,00 01 00 00 
2143,接收,16:47:49:498,,0x18ff56f4,数据帧,扩展帧,01,03 
2144,接收,16:47:49:678,,0x081e56f4,数据帧,扩展帧,04,00 01 00 00 
2145,接收,16:47:49:754,,0x18ff56f4,数据帧,扩展帧,01,03 
2146,接收,16:47:49:924,,0x081e56f4,数据帧,扩展帧,04,00 01 00 00 
2147,接收,16:47:50:004,,0x18ff56f4,数据帧,扩展帧,01,03 
2148,接收,16:47:50:174,,0x081e56f4,数据帧,扩展帧,04,00 01 00 00 
2149,接收,16:47:50:254,,0x18ff56f4,数据帧,扩展帧,01,03 
2150,接收,16:47:50:424,,0x081e56f4,数据帧,扩展帧,04,00 01 00 00 
2151,接收,16:47:50:504,,0x18ff56f4,数据帧,扩展帧,01,03 
2152,接收,16:47:50:674,,0x081e56f4,数据帧,扩展帧,04,00 01 00 00 
2153,接收,16:47:50:755,,0x18ff56f4,数据帧,扩展帧,01,03 
2154,接收,16:47:50:925,,0x081e56f4,数据帧,扩展帧,04,00 01 00 00 
2155,接收,16:47:51:005,,0x18ff56f4,数据帧,扩展帧,01,03 
2156,接收,16:47:51:175,,0x081e56f4,数据帧,扩展帧,04,00 01 00 00 
2157,接收,16:47:51:255,,0x18ff56f4,数据帧,扩展帧,01,03 
2158,接收,16:47:51:425,,0x081e56f4,数据帧,扩展帧,04,00 01 00 00 
2159,接收,16:47:51:505,,0x18ff56f4,数据帧,扩展帧,01,03 
2160,接收,16:47:51:675,,0x081e56f4,数据帧,扩展帧,04,00 01 00 00 
2161,接收,16:47:51:747,,0x18ff56f4,数据帧,扩展帧,01,03 
2162,接收,16:47:51:927,,0x081e56f4,数据帧,扩展帧,04,00 01 00 00 
2163,接收,16:47:51:997,,0x18ff56f4,数据帧,扩展帧,01,03 
2164,接收,16:47:52:177,,0x081e56f4,数据帧,扩展帧,04,00 01 00 00 
2165,接收,16:47:52:247,,0x18ff56f4,数据帧,扩展帧,01,03 
2166,接收,16:47:52:427,,0x081e56f4,数据帧,扩展帧,04,00 01 00 00 
2167,接收,16:47:52:497,,0x18ff56f4,数据帧,扩展帧,01,03 
2168,接收,16:47:52:677,,0x081e56f4,数据帧,扩展帧,04,00 01 00 00 
2169,接收,16:47:52:748,,0x18ff56f4,数据帧,扩展帧,01,03 
2170,接收,16:47:52:928,,0x081e56f4,数据帧,扩展帧,04,00 01 00 00 
2171,接收,16:47:52:998,,0x18ff56f4,数据帧,扩展帧,01,03 
2172,接收,16:47:53:178,,0x081e56f4,数据帧,扩展帧,04,00 01 00 00 
2173,接收,16:47:53:248,,0x18ff56f4,数据帧,扩展帧,01,03 
2174,接收,16:47:53:428,,0x081e56f4,数据帧,扩展帧,04,00 01 00 00 
2175,接收,16:47:53:498,,0x18ff56f4,数据帧,扩展帧,01,03 
2176,接收,16:47:53:678,,0x081e56f4,数据帧,扩展帧,04,00 01 00 00 
2177,接收,16:47:53:750,,0x18ff56f4,数据帧,扩展帧,01,03 
2178,接收,16:47:53:930,,0x081e56f4,数据帧,扩展帧,04,00 01 00 00 
2179,接收,16:47:54:000,,0x18ff56f4,数据帧,扩展帧,01,03 
2180,接收,16:47:54:180,,0x081e56f4,数据帧,扩展帧,04,00 01 00 00 
2181,接收,16:47:54:250,,0x18ff56f4,数据帧,扩展帧,01,03 
2182,接收,16:47:54:430,,0x081e56f4,数据帧,扩展帧,04,00 01 00 00 
2183,接收,16:47:54:500,,0x18ff56f4,数据帧,扩展帧,01,03 
2184,接收,16:47:54:680,,0x081e56f4,数据帧,扩展帧,04,00 01 00 00 
2185,接收,16:47:54:756,,0x18ff56f4,数据帧,扩展帧,01,03 
2186,接收,16:47:54:926,,0x081e56f4,数据帧,扩展帧,04,00 01 00 00 
2187,接收,16:47:55:006,,0x18ff56f4,数据帧,扩展帧,01,03 
2188,接收,16:47:55:176,,0x081e56f4,数据帧,扩展帧,04,00 01 00 00 
2189,接收,16:47:55:256,,0x18ff56f4,数据帧,扩展帧,01,03 
2190,接收,16:47:55:426,,0x081e56f4,数据帧,扩展帧,04,00 01 00 00 
2191,接收,16:47:55:506,,0x18ff56f4,数据帧,扩展帧,01,03 
2192,接收,16:47:55:676,,0x081e56f4,数据帧,扩展帧,04,00 01 00 00 
2193,接收,16:47:55:747,,0x18ff56f4,数据帧,扩展帧,01,03 
2194,接收,16:47:55:927,,0x081e56f4,数据帧,扩展帧,04,00 01 00 00 
2195,接收,16:47:55:997,,0x18ff56f4,数据帧,扩展帧,01,03 
2196,接收,16:47:56:177,,0x081e56f4,数据帧,扩展帧,04,00 01 00 00 
2197,接收,16:47:56:247,,0x18ff56f4,数据帧,扩展帧,01,03 
2198,接收,16:47:56:427,,0x081e56f4,数据帧,扩展帧,04,00 01 00 00 
2199,接收,16:47:56:497,,0x18ff56f4,数据帧,扩展帧,01,03 
2200,接收,16:47:56:677,,0x081e56f4,数据帧,扩展帧,04,00 01 00 00 
2201,接收,16:47:56:751,,0x18ff56f4,数据帧,扩展帧,01,03 
2202,接收,16:47:56:931,,0x081e56f4,数据帧,扩展帧,04,00 01 00 00 
2203,接收,16:47:57:001,,0x18ff56f4,数据帧,扩展帧,01,03 
2204,接收,16:47:57:181,,0x081e56f4,数据帧,扩展帧,04,00 01 00 00 
2205,接收,16:47:57:251,,0x18ff56f4,数据帧,扩展帧,01,03 
2206,接收,16:47:57:431,,0x081e56f4,数据帧,扩展帧,04,00 01 00 00 
2207,接收,16:47:57:501,,0x18ff56f4,数据帧,扩展帧,01,03 
2208,接收,16:47:57:681,,0x081e56f4,数据帧,扩展帧,04,00 01 00 00 
2209,接收,16:47:57:756,,0x18ff56f4,数据帧,扩展帧,01,03 
2210,接收,16:47:57:926,,0x081e56f4,数据帧,扩展帧,04,00 01 00 00 
2211,接收,16:47:58:006,,0x18ff56f4,数据帧,扩展帧,01,03 
2212,接收,16:47:58:176,,0x081e56f4,数据帧,扩展帧,04,00 01 00 00 
2213,接收,16:47:58:256,,0x18ff56f4,数据帧,扩展帧,01,03 
2214,接收,16:47:58:426,,0x081e56f4,数据帧,扩展帧,04,00 01 00 00 
2215,接收,16:47:58:506,,0x18ff56f4,数据帧,扩展帧,01,03 
2216,接收,16:47:58:676,,0x081e56f4,数据帧,扩展帧,04,00 01 00 00 
2217,接收,16:47:58:754,,0x18ff56f4,数据帧,扩展帧,01,03 
2218,接收,16:47:58:924,,0x081e56f4,数据帧,扩展帧,04,00 01 00 00 
2219,接收,16:47:59:004,,0x18ff56f4,数据帧,扩展帧,01,03 
2220,接收,16:47:59:174,,0x081e56f4,数据帧,扩展帧,04,00 01 00 00 
2221,接收,16:47:59:254,,0x18ff56f4,数据帧,扩展帧,01,03 
2222,接收,16:47:59:424,,0x081e56f4,数据帧,扩展帧,04,00 01 00 00 
2223,接收,16:47:59:504,,0x18ff56f4,数据帧,扩展帧,01,03 
2224,接收,16:47:59:674,,0x081e56f4,数据帧,扩展帧,04,00 01 00 00 
2225,接收,16:47:59:752,,0x18ff56f4,数据帧,扩展帧,01,03 
2226,接收,16:47:59:923,,0x081e56f4,数据帧,扩展帧,04,00 01 00 00 
2227,接收,16:48:00:002,,0x18ff56f4,数据帧,扩展帧,01,03 
2228,接收,16:48:00:172,,0x081e56f4,数据帧,扩展帧,04,00 01 00 00 
2229,接收,16:48:00:253,,0x18ff56f4,数据帧,扩展帧,01,03 
2230,接收,16:48:00:423,,0x081e56f4,数据帧,扩展帧,04,00 01 00 00 
2231,接收,16:48:00:503,,0x18ff56f4,数据帧,扩展帧,01,03 
2232,接收,16:48:00:672,,0x081e56f4,数据帧,扩展帧,04,00 01 00 00 
2233,接收,16:48:00:755,,0x18ff56f4,数据帧,扩展帧,01,03 
2234,接收,16:48:00:925,,0x081e56f4,数据帧,扩展帧,04,00 01 00 00 
2235,接收,16:48:01:005,,0x18ff56f4,数据帧,扩展帧,01,03 
2236,接收,16:48:01:175,,0x081e56f4,数据帧,扩展帧,04,00 01 00 00 
2237,接收,16:48:01:255,,0x18ff56f4,数据帧,扩展帧,01,03 
2238,接收,16:48:01:425,,0x081e56f4,数据帧,扩展帧,04,00 01 00 00 
2239,接收,16:48:01:505,,0x18ff56f4,数据帧,扩展帧,01,03 
2240,接收,16:48:01:675,,0x081e56f4,数据帧,扩展帧,04,00 01 00 00 
2241,接收,16:48:01:747,,0x18ff56f4,数据帧,扩展帧,01,03 
2242,接收,16:48:01:927,,0x081e56f4,数据帧,扩展帧,04,00 01 00 00 
2243,接收,16:48:01:997,,0x18ff56f4,数据帧,扩展帧,01,03 
2244,接收,16:48:02:177,,0x081e56f4,数据帧,扩展帧,04,00 01 00 00 
2245,接收,16:48:02:247,,0x18ff56f4,数据帧,扩展帧,01,03 
2246,接收,16:48:02:427,,0x081e56f4,数据帧,扩展帧,04,00 01 00 00 
2247,接收,16:48:02:497,,0x18ff56f4,数据帧,扩展帧,01,03 
2248,接收,16:48:02:677,,0x081e56f4,数据帧,扩展帧,04,00 01 00 00 
2249,接收,16:48:02:750,,0x18ff56f4,数据帧,扩展帧,01,03 
2250,接收,16:48:02:930,,0x081e56f4,数据帧,扩展帧,04,00 01 00 00 
2251,接收,16:48:03:000,,0x18ff56f4,数据帧,扩展帧,01,03 
2252,接收,16:48:03:180,,0x081e56f4,数据帧,扩展帧,04,00 01 00 00 
2253,接收,16:48:03:250,,0x18ff56f4,数据帧,扩展帧,01,03 
2254,接收,16:48:03:430,,0x081e56f4,数据帧,扩展帧,04,00 01 00 00 
2255,接收,16:48:03:500,,0x18ff56f4,数据帧,扩展帧,01,03 
2256,接收,16:48:03:680,,0x081e56f4,数据帧,扩展帧,04,00 01 00 00 
2257,接收,16:48:03:751,,0x18ff56f4,数据帧,扩展帧,01,03 
2258,接收,16:48:03:931,,0x081e56f4,数据帧,扩展帧,04,00 01 00 00 
2259,接收,16:48:04:001,,0x18ff56f4,数据帧,扩展帧,01,03 
2260,接收,16:48:04:182,,0x081e56f4,数据帧,扩展帧,04,00 01 00 00 
2261,接收,16:48:04:252,,0x18ff56f4,数据帧,扩展帧,01,03 
2262,接收,16:48:04:432,,0x081e56f4,数据帧,扩展帧,04,00 01 00 00 
2263,接收,16:48:04:501,,0x18ff56f4,数据帧,扩展帧,01,03 
2264,接收,16:48:04:682,,0x081e56f4,数据帧,扩展帧,04,00 01 00 00 
2265,接收,16:48:04:753,,0x18ff56f4,数据帧,扩展帧,01,03 
2266,接收,16:48:04:923,,0x081e56f4,数据帧,扩展帧,04,00 01 00 00 
2267,接收,16:48:05:003,,0x18ff56f4,数据帧,扩展帧,01,03 
2268,接收,16:48:05:173,,0x081e56f4,数据帧,扩展帧,04,00 01 00 00 
2269,接收,16:48:05:253,,0x18ff56f4,数据帧,扩展帧,01,03 
2270,接收,16:48:05:423,,0x081e56f4,数据帧,扩展帧,04,00 01 00 00 
2271,接收,16:48:05:503,,0x18ff56f4,数据帧,扩展帧,01,03 
2272,接收,16:48:05:673,,0x081e56f4,数据帧,扩展帧,04,00 01 00 00 
2273,接收,16:48:05:755,,0x18ff56f4,数据帧,扩展帧,01,03 
2274,接收,16:48:05:925,,0x081e56f4,数据帧,扩展帧,04,00 01 00 00 
2275,接收,16:48:06:005,,0x18ff56f4,数据帧,扩展帧,01,03 
2276,接收,16:48:06:175,,0x081e56f4,数据帧,扩展帧,04,00 01 00 00 
2277,接收,16:48:06:255,,0x18ff56f4,数据帧,扩展帧,01,03 
2278,接收,16:48:06:425,,0x081e56f4,数据帧,扩展帧,04,00 01 00 00 
2279,接收,16:48:06:505,,0x18ff56f4,数据帧,扩展帧,01,03 
2280,接收,16:48:06:675,,0x081e56f4,数据帧,扩展帧,04,00 01 00 00 
2281,接收,16:48:06:756,,0x18ff56f4,数据帧,扩展帧,01,03 
2282,接收,16:48:06:926,,0x081e56f4,数据帧,扩展帧,04,00 01 00 00 
2283,接收,16:48:07:006,,0x18ff56f4,数据帧,扩展帧,01,03 
2284,接收,16:48:07:176,,0x081e56f4,数据帧,扩展帧,04,00 01 00 00 
2285,接收,16:48:07:256,,0x18ff56f4,数据帧,扩展帧,01,03 
2286,接收,16:48:07:426,,0x081e56f4,数据帧,扩展帧,04,00 01 00 00 
2287,接收,16:48:07:504,,0x18ff56f4,数据帧,扩展帧,01,03 
2288,接收,16:48:07:674,,0x081e56f4,数据帧,扩展帧,04,00 01 00 00 
2289,接收,16:48:07:749,,0x18ff56f4,数据帧,扩展帧,01,03 
2290,接收,16:48:07:929,,0x081e56f4,数据帧,扩展帧,04,00 01 00 00 
2291,接收,16:48:07:999,,0x18ff56f4,数据帧,扩展帧,01,03 
2292,接收,16:48:08:179,,0x081e56f4,数据帧,扩展帧,04,00 01 00 00 
2293,接收,16:48:08:249,,0x18ff56f4,数据帧,扩展帧,01,03 
2294,接收,16:48:08:429,,0x081e56f4,数据帧,扩展帧,04,00 01 00 00 
2295,接收,16:48:08:499,,0x18ff56f4,数据帧,扩展帧,01,03 
2296,接收,16:48:08:679,,0x081e56f4,数据帧,扩展帧,04,00 01 00 00 
2297,接收,16:48:08:751,,0x18ff56f4,数据帧,扩展帧,01,03 
2298,接收,16:48:08:931,,0x081e56f4,数据帧,扩展帧,04,00 01 00 00 
2299,接收,16:48:09:001,,0x18ff56f4,数据帧,扩展帧,01,03 
2300,接收,16:48:09:181,,0x081e56f4,数据帧,扩展帧,04,00 01 00 00 
2301,接收,16:48:09:251,,0x18ff56f4,数据帧,扩展帧,01,03 
2302,接收,16:48:09:431,,0x081e56f4,数据帧,扩展帧,04,00 01 00 00 
2303,接收,16:48:09:501,,0x18ff56f4,数据帧,扩展帧,01,03 
2304,接收,16:48:09:681,,0x081e56f4,数据帧,扩展帧,04,00 01 00 00 
2305,接收,16:48:09:753,,0x18ff56f4,数据帧,扩展帧,01,03 
2306,接收,16:48:09:923,,0x081e56f4,数据帧,扩展帧,04,00 01 00 00 
2307,接收,16:48:10:003,,0x18ff56f4,数据帧,扩展帧,01,03 
2308,接收,16:48:10:173,,0x081e56f4,数据帧,扩展帧,04,00 01 00 00 
2309,接收,16:48:10:253,,0x18ff56f4,数据帧,扩展帧,01,03 
2310,接收,16:48:10:423,,0x081e56f4,数据帧,扩展帧,04,00 01 00 00 
2311,接收,16:48:10:503,,0x18ff56f4,数据帧,扩展帧,01,03 
2312,接收,16:48:10:673,,0x081e56f4,数据帧,扩展帧,04,00 01 00 00 
2313,接收,16:48:10:748,,0x18ff56f4,数据帧,扩展帧,01,03 
2314,接收,16:48:10:928,,0x081e56f4,数据帧,扩展帧,04,00 01 00 00 
2315,接收,16:48:10:998,,0x18ff56f4,数据帧,扩展帧,01,03 
2316,接收,16:48:11:178,,0x081e56f4,数据帧,扩展帧,04,00 01 00 00 
2317,接收,16:48:11:248,,0x18ff56f4,数据帧,扩展帧,01,03 
2318,接收,16:48:11:428,,0x081e56f4,数据帧,扩展帧,04,00 01 00 00 
2319,接收,16:48:11:498,,0x18ff56f4,数据帧,扩展帧,01,03 
2320,接收,16:48:11:678,,0x081e56f4,数据帧,扩展帧,04,00 01 00 00 
2321,接收,16:48:11:749,,0x18ff56f4,数据帧,扩展帧,01,03 
2322,接收,16:48:11:929,,0x081e56f4,数据帧,扩展帧,04,00 01 00 00 
2323,接收,16:48:11:999,,0x18ff56f4,数据帧,扩展帧,01,03 
2324,接收,16:48:12:179,,0x081e56f4,数据帧,扩展帧,04,00 01 00 00 
2325,接收,16:48:12:249,,0x18ff56f4,数据帧,扩展帧,01,03 
2326,接收,16:48:12:429,,0x081e56f4,数据帧,扩展帧,04,00 01 00 00 
2327,接收,16:48:12:499,,0x18ff56f4,数据帧,扩展帧,01,03 
2328,接收,16:48:12:679,,0x081e56f4,数据帧,扩展帧,04,00 01 00 00 
2329,接收,16:48:12:756,,0x18ff56f4,数据帧,扩展帧,01,03 
2330,接收,16:48:12:926,,0x081e56f4,数据帧,扩展帧,04,00 01 00 00 
2331,接收,16:48:13:006,,0x18ff56f4,数据帧,扩展帧,01,03 
2332,接收,16:48:13:176,,0x081e56f4,数据帧,扩展帧,04,00 01 00 00 
2333,接收,16:48:13:256,,0x18ff56f4,数据帧,扩展帧,01,03 
2334,接收,16:48:13:426,,0x081e56f4,数据帧,扩展帧,04,00 01 00 00 
2335,接收,16:48:13:506,,0x18ff56f4,数据帧,扩展帧,01,03 
2336,接收,16:48:13:676,,0x081e56f4,数据帧,扩展帧,04,00 01 00 00 
2337,接收,16:48:13:757,,0x18ff56f4,数据帧,扩展帧,01,03 
2338,接收,16:48:13:927,,0x081e56f4,数据帧,扩展帧,04,00 01 00 00 
2339,接收,16:48:14:007,,0x18ff56f4,数据帧,扩展帧,01,03 
2340,接收,16:48:14:177,,0x081e56f4,数据帧,扩展帧,04,00 01 00 00 
2341,接收,16:48:14:257,,0x18ff56f4,数据帧,扩展帧,01,03 
2342,接收,16:48:14:427,,0x081e56f4,数据帧,扩展帧,04,00 01 00 00 
2343,接收,16:48:14:507,,0x18ff56f4,数据帧,扩展帧,01,03 
2344,接收,16:48:14:677,,0x081e56f4,数据帧,扩展帧,04,00 01 00 00 
2345,接收,16:48:14:748,,0x18ff56f4,数据帧,扩展帧,01,03 
2346,接收,16:48:14:928,,0x081e56f4,数据帧,扩展帧,04,00 01 00 00 
2347,接收,16:48:15:008,,0x18ff56f4,数据帧,扩展帧,01,03 
2348,接收,16:48:15:178,,0x081e56f4,数据帧,扩展帧,04,00 01 00 00 
2349,接收,16:48:15:248,,0x18ff56f4,数据帧,扩展帧,01,03 
2350,接收,16:48:15:428,,0x081e56f4,数据帧,扩展帧,04,00 01 00 00 
2351,接收,16:48:15:498,,0x18ff56f4,数据帧,扩展帧,01,03 
2352,接收,16:48:15:678,,0x081e56f4,数据帧,扩展帧,04,00 01 00 00 
2353,接收,16:48:15:749,,0x18ff56f4,数据帧,扩展帧,01,03 
2354,接收,16:48:15:929,,0x081e56f4,数据帧,扩展帧,04,00 01 00 00 
2355,接收,16:48:15:999,,0x18ff56f4,数据帧,扩展帧,01,03 
2356,接收,16:48:16:179,,0x081e56f4,数据帧,扩展帧,04,00 01 00 00 
2357,接收,16:48:16:249,,0x18ff56f4,数据帧,扩展帧,01,03 
2358,接收,16:48:16:429,,0x081e56f4,数据帧,扩展帧,04,00 01 00 00 
2359,接收,16:48:16:499,,0x18ff56f4,数据帧,扩展帧,01,03 
2360,接收,16:48:16:679,,0x081e56f4,数据帧,扩展帧,04,00 01 00 00 
2361,接收,16:48:16:751,,0x18ff56f4,数据帧,扩展帧,01,03 
2362,接收,16:48:16:931,,0x081e56f4,数据帧,扩展帧,04,00 01 00 00 
2363,接收,16:48:17:001,,0x18ff56f4,数据帧,扩展帧,01,03 
2364,接收,16:48:17:181,,0x081e56f4,数据帧,扩展帧,04,00 01 00 00 
2365,接收,16:48:17:251,,0x18ff56f4,数据帧,扩展帧,01,03 
2366,接收,16:48:17:431,,0x081e56f4,数据帧,扩展帧,04,00 01 00 00 
2367,接收,16:48:17:501,,0x18ff56f4,数据帧,扩展帧,01,03 
2368,接收,16:48:17:681,,0x081e56f4,数据帧,扩展帧,04,00 01 00 00 
2369,接收,16:48:17:753,,0x18ff56f4,数据帧,扩展帧,01,03 
2370,接收,16:48:17:923,,0x081e56f4,数据帧,扩展帧,04,00 01 00 00 
2371,接收,16:48:18:003,,0x18ff56f4,数据帧,扩展帧,01,03 
2372,接收,16:48:18:173,,0x081e56f4,数据帧,扩展帧,04,00 01 00 00 
2373,接收,16:48:18:253,,0x18ff56f4,数据帧,扩展帧,01,03 
2374,接收,16:48:18:423,,0x081e56f4,数据帧,扩展帧,04,00 01 00 00 
2375,接收,16:48:18:503,,0x18ff56f4,数据帧,扩展帧,01,03 
2376,接收,16:48:18:673,,0x081e56f4,数据帧,扩展帧,04,00 01 00 00 
2377,接收,16:48:18:755,,0x18ff56f4,数据帧,扩展帧,01,03 
2378,接收,16:48:18:925,,0x081e56f4,数据帧,扩展帧,04,00 01 00 00 
2379,接收,16:48:19:005,,0x18ff56f4,数据帧,扩展帧,01,03 
2380,接收,16:48:19:175,,0x081e56f4,数据帧,扩展帧,04,00 01 00 00 
2381,接收,16:48:19:255,,0x18ff56f4,数据帧,扩展帧,01,03 
2382,接收,16:48:19:425,,0x081e56f4,数据帧,扩展帧,04,00 01 00 00 
2383,接收,16:48:19:505,,0x18ff56f4,数据帧,扩展帧,01,03 
2384,接收,16:48:19:675,,0x081e56f4,数据帧,扩展帧,04,00 01 00 00 
2385,接收,16:48:19:749,,0x18ff56f4,数据帧,扩展帧,01,03 
2386,接收,16:48:19:929,,0x081e56f4,数据帧,扩展帧,04,00 01 00 00 
2387,接收,16:48:19:999,,0x18ff56f4,数据帧,扩展帧,01,03 
2388,接收,16:48:20:179,,0x081e56f4,数据帧,扩展帧,04,00 01 00 00 
2389,接收,16:48:20:249,,0x18ff56f4,数据帧,扩展帧,01,03 
2390,接收,16:48:20:429,,0x081e56f4,数据帧,扩展帧,04,00 01 00 00 
2391,接收,16:48:20:499,,0x18ff56f4,数据帧,扩展帧,01,03 
2392,接收,16:48:20:679,,0x081e56f4,数据帧,扩展帧,04,00 01 00 00 
2393,接收,16:48:20:752,,0x18ff56f4,数据帧,扩展帧,01,03 
2394,接收,16:48:20:932,,0x081e56f4,数据帧,扩展帧,04,00 01 00 00 
2395,接收,16:48:21:002,,0x18ff56f4,数据帧,扩展帧,01,03 
2396,接收,16:48:21:182,,0x081e56f4,数据帧,扩展帧,04,00 01 00 00 
2397,接收,16:48:21:252,,0x18ff56f4,数据帧,扩展帧,01,03 
2398,接收,16:48:21:432,,0x081e56f4,数据帧,扩展帧,04,00 01 00 00 
2399,接收,16:48:21:502,,0x18ff56f4,数据帧,扩展帧,01,03 
2400,接收,16:48:21:682,,0x081e56f4,数据帧,扩展帧,04,00 01 00 00 
2401,接收,16:48:21:753,,0x18ff56f4,数据帧,扩展帧,01,03 
2402,接收,16:48:21:923,,0x081e56f4,数据帧,扩展帧,04,00 01 00 00 
2403,接收,16:48:22:003,,0x18ff56f4,数据帧,扩展帧,01,03 
2404,接收,16:48:22:173,,0x081e56f4,数据帧,扩展帧,04,00 01 00 00 
2405,接收,16:48:22:253,,0x18ff56f4,数据帧,扩展帧,01,03 
2406,接收,16:48:22:423,,0x081e56f4,数据帧,扩展帧,04,00 01 00 00 
2407,接收,16:48:22:503,,0x18ff56f4,数据帧,扩展帧,01,03 
2408,接收,16:48:22:673,,0x081e56f4,数据帧,扩展帧,04,00 01 00 00 
2409,接收,16:48:22:755,,0x18ff56f4,数据帧,扩展帧,01,03 
2410,接收,16:48:22:925,,0x081e56f4,数据帧,扩展帧,04,00 01 00 00 
2411,接收,16:48:23:005,,0x18ff56f4,数据帧,扩展帧,01,03 
2412,接收,16:48:23:175,,0x081e56f4,数据帧,扩展帧,04,00 01 00 00 
2413,接收,16:48:23:255,,0x18ff56f4,数据帧,扩展帧,01,03 
2414,接收,16:48:23:425,,0x081e56f4,数据帧,扩展帧,04,00 01 00 00 
2415,接收,16:48:23:505,,0x18ff56f4,数据帧,扩展帧,01,03 
2416,接收,16:48:23:675,,0x081e56f4,数据帧,扩展帧,04,00 01 00 00 
2417,接收,16:48:23:757,,0x18ff56f4,数据帧,扩展帧,01,03 
2418,接收,16:48:23:927,,0x081e56f4,数据帧,扩展帧,04,00 01 00 00 
2419,接收,16:48:24:007,,0x18ff56f4,数据帧,扩展帧,01,03 
2420,接收,16:48:24:177,,0x081e56f4,数据帧,扩展帧,04,00 01 00 00 
2421,接收,16:48:24:257,,0x18ff56f4,数据帧,扩展帧,01,03 
2422,接收,16:48:24:427,,0x081e56f4,数据帧,扩展帧,04,00 01 00 00 
2423,接收,16:48:24:507,,0x18ff56f4,数据帧,扩展帧,01,03 
2424,接收,16:48:24:677,,0x081e56f4,数据帧,扩展帧,04,00 01 00 00 
2425,接收,16:48:24:749,,0x18ff56f4,数据帧,扩展帧,01,03 
2426,接收,16:48:24:929,,0x081e56f4,数据帧,扩展帧,04,00 01 00 00 
2427,接收,16:48:24:999,,0x18ff56f4,数据帧,扩展帧,01,03 
2428,接收,16:48:25:179,,0x081e56f4,数据帧,扩展帧,04,00 01 00 00 
2429,接收,16:48:25:249,,0x18ff56f4,数据帧,扩展帧,01,03 
2430,接收,16:48:25:429,,0x081e56f4,数据帧,扩展帧,04,00 01 00 00 
2431,接收,16:48:25:499,,0x18ff56f4,数据帧,扩展帧,01,03 
2432,接收,16:48:25:679,,0x081e56f4,数据帧,扩展帧,04,00 01 00 00 
2433,接收,16:48:25:750,,0x18ff56f4,数据帧,扩展帧,01,03 
2434,接收,16:48:25:930,,0x081e56f4,数据帧,扩展帧,04,00 01 00 00 
2435,接收,16:48:26:000,,0x18ff56f4,数据帧,扩展帧,01,03 
2436,接收,16:48:26:180,,0x081e56f4,数据帧,扩展帧,04,00 01 00 00 
2437,接收,16:48:26:250,,0x18ff56f4,数据帧,扩展帧,01,03 
2438,接收,16:48:26:430,,0x081e56f4,数据帧,扩展帧,04,00 01 00 00 
2439,接收,16:48:26:500,,0x18ff56f4,数据帧,扩展帧,01,03 
2440,接收,16:48:26:680,,0x081e56f4,数据帧,扩展帧,04,00 01 00 00 
2441,接收,16:48:26:751,,0x18ff56f4,数据帧,扩展帧,01,03 
2442,接收,16:48:26:931,,0x081e56f4,数据帧,扩展帧,04,00 01 00 00 
2443,接收,16:48:27:001,,0x18ff56f4,数据帧,扩展帧,01,03 
2444,接收,16:48:27:181,,0x081e56f4,数据帧,扩展帧,04,00 01 00 00 
2445,接收,16:48:27:251,,0x18ff56f4,数据帧,扩展帧,01,03 
2446,接收,16:48:27:431,,0x081e56f4,数据帧,扩展帧,04,00 01 00 00 
2447,接收,16:48:27:501,,0x18ff56f4,数据帧,扩展帧,01,03 
2448,接收,16:48:27:682,,0x081e56f4,数据帧,扩展帧,04,00 01 00 00 
2449,接收,16:48:27:753,,0x18ff56f4,数据帧,扩展帧,01,03 
2450,接收,16:48:27:923,,0x081e56f4,数据帧,扩展帧,04,00 01 00 00 
2451,接收,16:48:28:003,,0x18ff56f4,数据帧,扩展帧,01,03 
2452,接收,16:48:28:183,,0x081e56f4,数据帧,扩展帧,04,00 01 00 00 
2453,接收,16:48:28:253,,0x18ff56f4,数据帧,扩展帧,01,03 
2454,接收,16:48:28:433,,0x081e56f4,数据帧,扩展帧,04,00 01 00 00 
2455,接收,16:48:28:503,,0x18ff56f4,数据帧,扩展帧,01,03 
2456,接收,16:48:28:683,,0x081e56f4,数据帧,扩展帧,04,00 01 00 00 
2457,接收,16:48:28:754,,0x18ff56f4,数据帧,扩展帧,01,03 
2458,接收,16:48:28:924,,0x081e56f4,数据帧,扩展帧,04,00 01 00 00 
2459,接收,16:48:29:004,,0x18ff56f4,数据帧,扩展帧,01,03 
2460,接收,16:48:29:174,,0x081e56f4,数据帧,扩展帧,04,00 01 00 00 
2461,接收,16:48:29:254,,0x18ff56f4,数据帧,扩展帧,01,03 
2462,接收,16:48:29:424,,0x081e56f4,数据帧,扩展帧,04,00 01 00 00 
2463,接收,16:48:29:504,,0x18ff56f4,数据帧,扩展帧,01,03 
2464,接收,16:48:29:674,,0x081e56f4,数据帧,扩展帧,04,00 01 00 00 
2465,接收,16:48:29:756,,0x18ff56f4,数据帧,扩展帧,01,03 
2466,接收,16:48:29:932,,0x081e56f4,数据帧,扩展帧,04,00 01 00 00 
2467,接收,16:48:30:002,,0x18ff56f4,数据帧,扩展帧,01,03 
2468,接收,16:48:30:182,,0x081e56f4,数据帧,扩展帧,04,00 01 00 00 
2469,接收,16:48:30:252,,0x18ff56f4,数据帧,扩展帧,01,03 
2470,接收,16:48:30:432,,0x081e56f4,数据帧,扩展帧,04,00 01 00 00 
2471,接收,16:48:30:502,,0x18ff56f4,数据帧,扩展帧,01,03 
2472,接收,16:48:30:682,,0x081e56f4,数据帧,扩展帧,04,00 01 00 00 
2473,接收,16:48:30:754,,0x18ff56f4,数据帧,扩展帧,01,03 
2474,接收,16:48:30:924,,0x081e56f4,数据帧,扩展帧,04,00 01 00 00 
2475,接收,16:48:31:004,,0x18ff56f4,数据帧,扩展帧,01,03 
2476,接收,16:48:31:174,,0x081e56f4,数据帧,扩展帧,04,00 01 00 00 
2477,接收,16:48:31:254,,0x18ff56f4,数据帧,扩展帧,01,03 
2478,接收,16:48:31:424,,0x081e56f4,数据帧,扩展帧,04,00 01 00 00 
2479,接收,16:48:31:504,,0x18ff56f4,数据帧,扩展帧,01,03 
2480,接收,16:48:31:674,,0x081e56f4,数据帧,扩展帧,04,00 01 00 00 
2481,接收,16:48:31:756,,0x18ff56f4,数据帧,扩展帧,01,03 
2482,接收,16:48:31:926,,0x081e56f4,数据帧,扩展帧,04,00 01 00 00 
2483,接收,16:48:32:006,,0x18ff56f4,数据帧,扩展帧,01,03 
2484,接收,16:48:32:176,,0x081e56f4,数据帧,扩展帧,04,00 01 00 00 
2485,接收,16:48:32:256,,0x18ff56f4,数据帧,扩展帧,01,03 
2486,接收,16:48:32:426,,0x081e56f4,数据帧,扩展帧,04,00 01 00 00 
2487,接收,16:48:32:506,,0x18ff56f4,数据帧,扩展帧,01,03 
2488,接收,16:48:32:676,,0x081e56f4,数据帧,扩展帧,04,00 01 00 00 
2489,接收,16:48:32:757,,0x18ff56f4,数据帧,扩展帧,01,03 
2490,接收,16:48:32:927,,0x081e56f4,数据帧,扩展帧,04,00 01 00 00 
2491,接收,16:48:33:007,,0x18ff56f4,数据帧,扩展帧,01,03 
2492,接收,16:48:33:177,,0x081e56f4,数据帧,扩展帧,04,00 01 00 00 
2493,接收,16:48:33:257,,0x18ff56f4,数据帧,扩展帧,01,03 
2494,接收,16:48:33:427,,0x081e56f4,数据帧,扩展帧,04,00 01 00 00 
2495,接收,16:48:33:507,,0x18ff56f4,数据帧,扩展帧,01,03 
2496,接收,16:48:33:677,,0x081e56f4,数据帧,扩展帧,04,00 01 00 00 
2497,接收,16:48:33:748,,0x18ff56f4,数据帧,扩展帧,01,03 
2498,接收,16:48:33:928,,0x081e56f4,数据帧,扩展帧,04,00 01 00 00 
2499,接收,16:48:33:998,,0x18ff56f4,数据帧,扩展帧,01,03 
2500,接收,16:48:34:178,,0x081e56f4,数据帧,扩展帧,04,00 01 00 00 
2501,接收,16:48:34:248,,0x18ff56f4,数据帧,扩展帧,01,03 
2502,接收,16:48:34:428,,0x081e56f4,数据帧,扩展帧,04,00 01 00 00 
2503,接收,16:48:34:508,,0x18ff56f4,数据帧,扩展帧,01,03 
2504,接收,16:48:34:678,,0x081e56f4,数据帧,扩展帧,04,00 01 00 00 
2505,接收,16:48:34:749,,0x18ff56f4,数据帧,扩展帧,01,03 
2506,接收,16:48:34:929,,0x081e56f4,数据帧,扩展帧,04,00 01 00 00 
2507,接收,16:48:34:999,,0x18ff56f4,数据帧,扩展帧,01,03 
2508,接收,16:48:35:179,,0x081e56f4,数据帧,扩展帧,04,00 01 00 00 
2509,接收,16:48:35:249,,0x18ff56f4,数据帧,扩展帧,01,03 
2510,接收,16:48:35:429,,0x081e56f4,数据帧,扩展帧,04,00 01 00 00 
2511,接收,16:48:35:500,,0x18ff56f4,数据帧,扩展帧,01,03 
2512,接收,16:48:35:680,,0x081e56f4,数据帧,扩展帧,04,00 01 00 00 
2513,接收,16:48:35:751,,0x18ff56f4,数据帧,扩展帧,01,03 
2514,接收,16:48:35:931,,0x081e56f4,数据帧,扩展帧,04,00 01 00 00 
2515,接收,16:48:36:001,,0x18ff56f4,数据帧,扩展帧,01,03 
2516,接收,16:48:36:181,,0x081e56f4,数据帧,扩展帧,04,00 01 00 00 
2517,接收,16:48:36:251,,0x18ff56f4,数据帧,扩展帧,01,03 
2518,接收,16:48:36:431,,0x081e56f4,数据帧,扩展帧,04,00 01 00 00 
2519,接收,16:48:36:501,,0x18ff56f4,数据帧,扩展帧,01,03 
2520,接收,16:48:36:681,,0x081e56f4,数据帧,扩展帧,04,00 01 00 00 
2521,接收,16:48:36:752,,0x18ff56f4,数据帧,扩展帧,01,03 
2522,接收,16:48:36:932,,0x081e56f4,数据帧,扩展帧,04,00 01 00 00 
2523,接收,16:48:37:002,,0x18ff56f4,数据帧,扩展帧,01,03 
2524,接收,16:48:37:182,,0x081e56f4,数据帧,扩展帧,04,00 01 00 00 
2525,接收,16:48:37:252,,0x18ff56f4,数据帧,扩展帧,01,03 
2526,接收,16:48:37:432,,0x081e56f4,数据帧,扩展帧,04,00 01 00 00 
2527,接收,16:48:37:502,,0x18ff56f4,数据帧,扩展帧,01,03 
2528,接收,16:48:37:682,,0x081e56f4,数据帧,扩展帧,04,00 01 00 00 
2529,接收,16:48:37:753,,0x18ff56f4,数据帧,扩展帧,01,03 
2530,接收,16:48:37:923,,0x081e56f4,数据帧,扩展帧,04,00 01 00 00 
2531,接收,16:48:38:003,,0x18ff56f4,数据帧,扩展帧,01,03 
2532,接收,16:48:38:183,,0x081e56f4,数据帧,扩展帧,04,00 01 00 00 
2533,接收,16:48:38:253,,0x18ff56f4,数据帧,扩展帧,01,03 
2534,接收,16:48:38:423,,0x081e56f4,数据帧,扩展帧,04,00 01 00 00 
2535,接收,16:48:38:503,,0x18ff56f4,数据帧,扩展帧,01,03 
2536,接收,16:48:38:683,,0x081e56f4,数据帧,扩展帧,04,00 01 00 00 
2537,接收,16:48:38:755,,0x18ff56f4,数据帧,扩展帧,01,03 
2538,接收,16:48:38:925,,0x081e56f4,数据帧,扩展帧,04,00 01 00 00 
2539,接收,16:48:39:005,,0x18ff56f4,数据帧,扩展帧,01,03 
2540,接收,16:48:39:176,,0x081e56f4,数据帧,扩展帧,04,00 01 00 00 
2541,接收,16:48:39:251,,0x18ff56f4,数据帧,扩展帧,01,03 
2542,接收,16:48:39:431,,0x081e56f4,数据帧,扩展帧,04,00 01 00 00 
2543,接收,16:48:39:501,,0x18ff56f4,数据帧,扩展帧,01,03 
2544,接收,16:48:39:681,,0x081e56f4,数据帧,扩展帧,04,00 01 00 00 
2545,接收,16:48:39:752,,0x18ff56f4,数据帧,扩展帧,01,03 
2546,接收,16:48:39:932,,0x081e56f4,数据帧,扩展帧,04,00 01 00 00 
2547,接收,16:48:40:002,,0x18ff56f4,数据帧,扩展帧,01,03 
2548,接收,16:48:40:182,,0x081e56f4,数据帧,扩展帧,04,00 01 00 00 
2549,接收,16:48:40:252,,0x18ff56f4,数据帧,扩展帧,01,03 
2550,接收,16:48:40:432,,0x081e56f4,数据帧,扩展帧,04,00 01 00 00 
2551,接收,16:48:40:502,,0x18ff56f4,数据帧,扩展帧,01,03 
2552,接收,16:48:40:682,,0x081e56f4,数据帧,扩展帧,04,00 01 00 00 
2553,接收,16:48:40:754,,0x18ff56f4,数据帧,扩展帧,01,03 
2554,接收,16:48:40:924,,0x081e56f4,数据帧,扩展帧,04,00 01 00 00 
2555,接收,16:48:41:004,,0x18ff56f4,数据帧,扩展帧,01,03 
2556,接收,16:48:41:174,,0x081e56f4,数据帧,扩展帧,04,00 01 00 00 
2557,接收,16:48:41:254,,0x18ff56f4,数据帧,扩展帧,01,03 
2558,接收,16:48:41:424,,0x081e56f4,数据帧,扩展帧,04,00 01 00 00 
2559,接收,16:48:41:504,,0x18ff56f4,数据帧,扩展帧,01,03 
2560,接收,16:48:41:674,,0x081e56f4,数据帧,扩展帧,04,00 01 00 00 
2561,接收,16:48:41:755,,0x18ff56f4,数据帧,扩展帧,01,03 
2562,接收,16:48:41:925,,0x081e56f4,数据帧,扩展帧,04,00 01 00 00 
2563,接收,16:48:42:005,,0x18ff56f4,数据帧,扩展帧,01,03 
2564,接收,16:48:42:175,,0x081e56f4,数据帧,扩展帧,04,00 01 00 00 
2565,接收,16:48:42:255,,0x18ff56f4,数据帧,扩展帧,01,03 
2566,接收,16:48:42:426,,0x081e56f4,数据帧,扩展帧,04,00 01 00 00 
2567,接收,16:48:42:506,,0x18ff56f4,数据帧,扩展帧,01,03 
2568,接收,16:48:42:676,,0x081e56f4,数据帧,扩展帧,04,00 01 00 00 
2569,接收,16:48:42:757,,0x18ff56f4,数据帧,扩展帧,01,03 
2570,接收,16:48:42:927,,0x081e56f4,数据帧,扩展帧,04,00 01 00 00 
2571,接收,16:48:43:007,,0x18ff56f4,数据帧,扩展帧,01,03 
2572,接收,16:48:43:177,,0x081e56f4,数据帧,扩展帧,04,00 01 00 00 
2573,接收,16:48:43:257,,0x18ff56f4,数据帧,扩展帧,01,03 
2574,接收,16:48:43:427,,0x081e56f4,数据帧,扩展帧,04,00 01 00 00 
2575,接收,16:48:43:507,,0x18ff56f4,数据帧,扩展帧,01,03 
2576,接收,16:48:43:677,,0x081e56f4,数据帧,扩展帧,04,00 01 00 00 
2577,接收,16:48:43:749,,0x18ff56f4,数据帧,扩展帧,01,03 
2578,接收,16:48:43:929,,0x081e56f4,数据帧,扩展帧,04,00 01 00 00 
2579,接收,16:48:43:999,,0x18ff56f4,数据帧,扩展帧,01,03 
2580,接收,16:48:44:179,,0x081e56f4,数据帧,扩展帧,04,00 01 00 00 
2581,接收,16:48:44:259,,0x18ff56f4,数据帧,扩展帧,01,03 
2582,接收,16:48:44:429,,0x081e56f4,数据帧,扩展帧,04,00 01 00 00 
2583,接收,16:48:44:499,,0x18ff56f4,数据帧,扩展帧,01,03 
2584,接收,16:48:44:679,,0x081e56f4,数据帧,扩展帧,04,00 01 00 00 
2585,接收,16:48:44:750,,0x18ff56f4,数据帧,扩展帧,01,03 
2586,接收,16:48:44:930,,0x081e56f4,数据帧,扩展帧,04,00 01 00 00 
2587,接收,16:48:45:000,,0x18ff56f4,数据帧,扩展帧,01,03 
2588,接收,16:48:45:180,,0x081e56f4,数据帧,扩展帧,04,00 01 00 00 
2589,接收,16:48:45:250,,0x18ff56f4,数据帧,扩展帧,01,03 
2590,接收,16:48:45:430,,0x081e56f4,数据帧,扩展帧,04,00 01 00 00 
2591,接收,16:48:45:500,,0x18ff56f4,数据帧,扩展帧,01,03 
2592,接收,16:48:45:680,,0x081e56f4,数据帧,扩展帧,04,00 01 00 00 
2593,接收,16:48:45:752,,0x18ff56f4,数据帧,扩展帧,01,03 
2594,接收,16:48:45:932,,0x081e56f4,数据帧,扩展帧,04,00 01 00 00 
2595,接收,16:48:46:002,,0x18ff56f4,数据帧,扩展帧,01,03 
2596,接收,16:48:46:182,,0x081e56f4,数据帧,扩展帧,04,00 01 00 00 
2597,接收,16:48:46:252,,0x18ff56f4,数据帧,扩展帧,01,03 
2598,接收,16:48:46:432,,0x081e56f4,数据帧,扩展帧,04,00 01 00 00 
2599,接收,16:48:46:502,,0x18ff56f4,数据帧,扩展帧,01,03 
2600,接收,16:48:46:682,,0x081e56f4,数据帧,扩展帧,04,00 01 00 00 
2601,接收,16:48:46:756,,0x18ff56f4,数据帧,扩展帧,01,03 
2602,接收,16:48:46:926,,0x081e56f4,数据帧,扩展帧,04,00 01 00 00 
2603,接收,16:48:47:006,,0x18ff56f4,数据帧,扩展帧,01,03 
2604,接收,16:48:47:176,,0x081e56f4,数据帧,扩展帧,04,00 01 00 00 
2605,接收,16:48:47:256,,0x18ff56f4,数据帧,扩展帧,01,03 
2606,接收,16:48:47:426,,0x081e56f4,数据帧,扩展帧,04,00 01 00 00 
2607,接收,16:48:47:506,,0x18ff56f4,数据帧,扩展帧,01,03 
2608,接收,16:48:47:676,,0x081e56f4,数据帧,扩展帧,04,00 01 00 00 
2609,接收,16:48:47:758,,0x18ff56f4,数据帧,扩展帧,01,03 
2610,接收,16:48:47:928,,0x081e56f4,数据帧,扩展帧,04,00 01 00 00 
2611,接收,16:48:48:008,,0x18ff56f4,数据帧,扩展帧,01,03 
2612,接收,16:48:48:178,,0x081e56f4,数据帧,扩展帧,04,00 01 00 00 
2613,接收,16:48:48:248,,0x18ff56f4,数据帧,扩展帧,01,03 
2614,接收,16:48:48:428,,0x081e56f4,数据帧,扩展帧,04,00 01 00 00 
2615,接收,16:48:48:508,,0x18ff56f4,数据帧,扩展帧,01,03 
2616,接收,16:48:48:678,,0x081e56f4,数据帧,扩展帧,04,00 01 00 00 
2617,接收,16:48:48:750,,0x18ff56f4,数据帧,扩展帧,01,03 
2618,接收,16:48:48:930,,0x081e56f4,数据帧,扩展帧,04,00 01 00 00 
2619,接收,16:48:49:000,,0x18ff56f4,数据帧,扩展帧,01,03 
2620,接收,16:48:49:180,,0x081e56f4,数据帧,扩展帧,04,00 01 00 00 
2621,接收,16:48:49:250,,0x18ff56f4,数据帧,扩展帧,01,03 
2622,接收,16:48:49:430,,0x081e56f4,数据帧,扩展帧,04,00 01 00 00 
2623,接收,16:48:49:500,,0x18ff56f4,数据帧,扩展帧,01,03 
2624,接收,16:48:49:680,,0x081e56f4,数据帧,扩展帧,04,00 01 00 00 
2625,接收,16:48:49:751,,0x18ff56f4,数据帧,扩展帧,01,03 
2626,接收,16:48:49:931,,0x081e56f4,数据帧,扩展帧,04,00 01 00 00 
2627,接收,16:48:50:002,,0x18ff56f4,数据帧,扩展帧,01,03 
2628,接收,16:48:50:177,,0x081e56f4,数据帧,扩展帧,04,00 01 00 00 
2629,接收,16:48:50:257,,0x18ff56f4,数据帧,扩展帧,01,03 
2630,接收,16:48:50:427,,0x081e56f4,数据帧,扩展帧,04,00 01 00 00 
2631,接收,16:48:50:507,,0x18ff56f4,数据帧,扩展帧,01,03 
2632,接收,16:48:50:677,,0x081e56f4,数据帧,扩展帧,04,00 01 00 00 
2633,接收,16:48:50:758,,0x18ff56f4,数据帧,扩展帧,01,03 
2634,接收,16:48:50:928,,0x081e56f4,数据帧,扩展帧,04,00 01 00 00 
2635,接收,16:48:51:008,,0x18ff56f4,数据帧,扩展帧,01,03 
2636,接收,16:48:51:178,,0x081e56f4,数据帧,扩展帧,04,00 01 00 00 
2637,接收,16:48:51:258,,0x18ff56f4,数据帧,扩展帧,01,03 
2638,接收,16:48:51:428,,0x081e56f4,数据帧,扩展帧,04,00 01 00 00 
2639,接收,16:48:51:508,,0x18ff56f4,数据帧,扩展帧,01,03 
2640,接收,16:48:51:678,,0x081e56f4,数据帧,扩展帧,04,00 01 00 00 
2641,接收,16:48:51:749,,0x18ff56f4,数据帧,扩展帧,01,03 
2642,接收,16:48:51:929,,0x081e56f4,数据帧,扩展帧,04,00 01 00 00 
2643,接收,16:48:51:999,,0x18ff56f4,数据帧,扩展帧,01,03 
2644,接收,16:48:52:179,,0x081e56f4,数据帧,扩展帧,04,00 01 00 00 
2645,接收,16:48:52:259,,0x18ff56f4,数据帧,扩展帧,01,03 
2646,接收,16:48:52:429,,0x081e56f4,数据帧,扩展帧,04,00 01 00 00 
2647,接收,16:48:52:499,,0x18ff56f4,数据帧,扩展帧,01,03 
2648,接收,16:48:52:679,,0x081e56f4,数据帧,扩展帧,04,00 01 00 00 
2649,接收,16:48:52:750,,0x18ff56f4,数据帧,扩展帧,01,03 
2650,接收,16:48:52:930,,0x081e56f4,数据帧,扩展帧,04,00 01 00 00 
2651,接收,16:48:53:000,,0x18ff56f4,数据帧,扩展帧,01,03 
2652,接收,16:48:53:180,,0x081e56f4,数据帧,扩展帧,04,00 01 00 00 
2653,接收,16:48:53:250,,0x18ff56f4,数据帧,扩展帧,01,03 
2654,接收,16:48:53:430,,0x081e56f4,数据帧,扩展帧,04,00 01 00 00 
2655,接收,16:48:53:500,,0x18ff56f4,数据帧,扩展帧,01,03 
2656,接收,16:48:53:680,,0x081e56f4,数据帧,扩展帧,04,00 01 00 00 
2657,接收,16:48:53:755,,0x18ff56f4,数据帧,扩展帧,01,03 
2658,接收,16:48:53:925,,0x081e56f4,数据帧,扩展帧,04,00 01 00 00 
2659,接收,16:48:54:005,,0x18ff56f4,数据帧,扩展帧,01,03 
2660,接收,16:48:54:175,,0x081e56f4,数据帧,扩展帧,04,00 01 00 00 
2661,接收,16:48:54:255,,0x18ff56f4,数据帧,扩展帧,01,03 
2662,接收,16:48:54:425,,0x081e56f4,数据帧,扩展帧,04,00 01 00 00 
2663,接收,16:48:54:505,,0x18ff56f4,数据帧,扩展帧,01,03 
2664,接收,16:48:54:675,,0x081e56f4,数据帧,扩展帧,04,00 01 00 00 
2665,接收,16:48:54:756,,0x18ff56f4,数据帧,扩展帧,01,03 
2666,接收,16:48:54:926,,0x081e56f4,数据帧,扩展帧,04,00 01 00 00 
2667,接收,16:48:55:006,,0x18ff56f4,数据帧,扩展帧,01,03 
2668,接收,16:48:55:176,,0x081e56f4,数据帧,扩展帧,04,00 01 00 00 
2669,接收,16:48:55:256,,0x18ff56f4,数据帧,扩展帧,01,03 
2670,接收,16:48:55:426,,0x081e56f4,数据帧,扩展帧,04,00 01 00 00 
2671,接收,16:48:55:506,,0x18ff56f4,数据帧,扩展帧,01,03 
2672,接收,16:48:55:676,,0x081e56f4,数据帧,扩展帧,04,00 01 00 00 
2673,接收,16:48:55:758,,0x18ff56f4,数据帧,扩展帧,01,03 
2674,接收,16:48:55:928,,0x081e56f4,数据帧,扩展帧,04,00 01 00 00 
2675,接收,16:48:56:008,,0x18ff56f4,数据帧,扩展帧,01,03 
2676,接收,16:48:56:178,,0x081e56f4,数据帧,扩展帧,04,00 01 00 00 
2677,接收,16:48:56:258,,0x18ff56f4,数据帧,扩展帧,01,03 
2678,接收,16:48:56:428,,0x081e56f4,数据帧,扩展帧,04,00 01 00 00 
2679,接收,16:48:56:508,,0x18ff56f4,数据帧,扩展帧,01,03 
2680,接收,16:48:56:678,,0x081e56f4,数据帧,扩展帧,04,00 01 00 00 
2681,接收,16:48:56:749,,0x18ff56f4,数据帧,扩展帧,01,03 
2682,接收,16:48:56:929,,0x081e56f4,数据帧,扩展帧,04,00 01 00 00 
2683,接收,16:48:56:999,,0x18ff56f4,数据帧,扩展帧,01,03 
2684,接收,16:48:57:179,,0x081e56f4,数据帧,扩展帧,04,00 01 00 00 
2685,接收,16:48:57:259,,0x18ff56f4,数据帧,扩展帧,01,03 
2686,接收,16:48:57:429,,0x081e56f4,数据帧,扩展帧,04,00 01 00 00 
2687,接收,16:48:57:509,,0x18ff56f4,数据帧,扩展帧,01,03 
2688,接收,16:48:57:679,,0x081e56f4,数据帧,扩展帧,04,00 01 00 00 
2689,接收,16:48:57:751,,0x18ff56f4,数据帧,扩展帧,01,03 
2690,接收,16:48:57:931,,0x081e56f4,数据帧,扩展帧,04,00 01 00 00 
2691,接收,16:48:58:001,,0x18ff56f4,数据帧,扩展帧,01,03 
2692,接收,16:48:58:181,,0x081e56f4,数据帧,扩展帧,04,00 01 00 00 
2693,接收,16:48:58:251,,0x18ff56f4,数据帧,扩展帧,01,03 
2694,接收,16:48:58:431,,0x081e56f4,数据帧,扩展帧,04,00 01 00 00 
2695,接收,16:48:58:501,,0x18ff56f4,数据帧,扩展帧,01,03 
2696,接收,16:48:58:681,,0x081e56f4,数据帧,扩展帧,04,00 01 00 00 
2697,接收,16:48:58:753,,0x18ff56f4,数据帧,扩展帧,01,03 
2698,接收,16:48:58:933,,0x081e56f4,数据帧,扩展帧,04,00 01 00 00 
2699,接收,16:48:59:003,,0x18ff56f4,数据帧,扩展帧,01,03 
2700,接收,16:48:59:183,,0x081e56f4,数据帧,扩展帧,04,00 01 00 00 
2701,接收,16:48:59:253,,0x18ff56f4,数据帧,扩展帧,01,03 
2702,接收,16:48:59:433,,0x081e56f4,数据帧,扩展帧,04,00 01 00 00 
2703,接收,16:48:59:503,,0x18ff56f4,数据帧,扩展帧,01,03 
2704,接收,16:48:59:683,,0x081e56f4,数据帧,扩展帧,04,00 01 00 00 
2705,接收,16:48:59:754,,0x18ff56f4,数据帧,扩展帧,01,03 
2706,接收,16:48:59:924,,0x081e56f4,数据帧,扩展帧,04,00 01 00 00 
2707,接收,16:49:00:004,,0x18ff56f4,数据帧,扩展帧,01,03 
2708,接收,16:49:00:184,,0x081e56f4,数据帧,扩展帧,04,00 01 00 00 
2709,接收,16:49:00:254,,0x18ff56f4,数据帧,扩展帧,01,03 
2710,接收,16:49:00:424,,0x081e56f4,数据帧,扩展帧,04,00 01 00 00 
2711,接收,16:49:00:504,,0x18ff56f4,数据帧,扩展帧,01,03 
2712,接收,16:49:00:674,,0x081e56f4,数据帧,扩展帧,04,00 01 00 00 
2713,接收,16:49:00:755,,0x18ff56f4,数据帧,扩展帧,01,03 
2714,接收,16:49:00:925,,0x081e56f4,数据帧,扩展帧,04,00 01 00 00 
2715,接收,16:49:01:005,,0x18ff56f4,数据帧,扩展帧,01,03 
2716,接收,16:49:01:175,,0x081e56f4,数据帧,扩展帧,04,00 01 00 00 
2717,接收,16:49:01:255,,0x18ff56f4,数据帧,扩展帧,01,03 
2718,接收,16:49:01:425,,0x081e56f4,数据帧,扩展帧,04,00 01 00 00 
2719,接收,16:49:01:505,,0x18ff56f4,数据帧,扩展帧,01,03 
2720,接收,16:49:01:676,,0x081e56f4,数据帧,扩展帧,04,00 01 00 00 
2721,接收,16:49:01:757,,0x18ff56f4,数据帧,扩展帧,01,03 
2722,接收,16:49:01:927,,0x081e56f4,数据帧,扩展帧,04,00 01 00 00 
2723,接收,16:49:02:007,,0x18ff56f4,数据帧,扩展帧,01,03 
2724,接收,16:49:02:177,,0x081e56f4,数据帧,扩展帧,04,00 01 00 00 
2725,接收,16:49:02:257,,0x18ff56f4,数据帧,扩展帧,01,03 
2726,接收,16:49:02:427,,0x081e56f4,数据帧,扩展帧,04,00 01 00 00 
2727,接收,16:49:02:507,,0x18ff56f4,数据帧,扩展帧,01,03 
2728,接收,16:49:02:677,,0x081e56f4,数据帧,扩展帧,04,00 01 00 00 
2729,接收,16:49:02:758,,0x18ff56f4,数据帧,扩展帧,01,03 
2730,接收,16:49:02:928,,0x081e56f4,数据帧,扩展帧,04,00 01 00 00 
2731,接收,16:49:03:008,,0x18ff56f4,数据帧,扩展帧,01,03 
2732,接收,16:49:03:178,,0x081e56f4,数据帧,扩展帧,04,00 01 00 00 
2733,接收,16:49:03:258,,0x18ff56f4,数据帧,扩展帧,01,03 
2734,接收,16:49:03:428,,0x081e56f4,数据帧,扩展帧,04,00 01 00 00 
2735,接收,16:49:03:508,,0x18ff56f4,数据帧,扩展帧,01,03 
2736,接收,16:49:03:678,,0x081e56f4,数据帧,扩展帧,04,00 01 00 00 
2737,接收,16:49:03:750,,0x18ff56f4,数据帧,扩展帧,01,03 
2738,接收,16:49:03:930,,0x081e56f4,数据帧,扩展帧,04,00 01 00 00 
2739,接收,16:49:04:010,,0x18ff56f4,数据帧,扩展帧,01,03 
2740,接收,16:49:04:180,,0x081e56f4,数据帧,扩展帧,04,00 01 00 00 
2741,接收,16:49:04:250,,0x18ff56f4,数据帧,扩展帧,01,03 
2742,接收,16:49:04:430,,0x081e56f4,数据帧,扩展帧,04,00 01 00 00 
2743,接收,16:49:04:500,,0x18ff56f4,数据帧,扩展帧,01,03 
2744,接收,16:49:04:680,,0x081e56f4,数据帧,扩展帧,04,00 01 00 00 
2745,接收,16:49:04:752,,0x18ff56f4,数据帧,扩展帧,01,03 
2746,接收,16:49:04:932,,0x081e56f4,数据帧,扩展帧,04,00 01 00 00 
2747,接收,16:49:05:002,,0x18ff56f4,数据帧,扩展帧,01,03 
2748,接收,16:49:05:182,,0x081e56f4,数据帧,扩展帧,04,00 01 00 00 
2749,接收,16:49:05:252,,0x18ff56f4,数据帧,扩展帧,01,03 
2750,接收,16:49:05:432,,0x081e56f4,数据帧,扩展帧,04,00 01 00 00 
2751,接收,16:49:05:502,,0x18ff56f4,数据帧,扩展帧,01,03 
2752,接收,16:49:05:682,,0x081e56f4,数据帧,扩展帧,04,00 01 00 00 
2753,接收,16:49:05:753,,0x18ff56f4,数据帧,扩展帧,01,03 
2754,接收,16:49:05:933,,0x081e56f4,数据帧,扩展帧,04,00 01 00 00 
2755,接收,16:49:06:003,,0x18ff56f4,数据帧,扩展帧,01,03 
2756,接收,16:49:06:183,,0x081e56f4,数据帧,扩展帧,04,00 01 00 00 
2757,接收,16:49:06:253,,0x18ff56f4,数据帧,扩展帧,01,03 
2758,接收,16:49:06:433,,0x081e56f4,数据帧,扩展帧,04,00 01 00 00 
2759,接收,16:49:06:503,,0x18ff56f4,数据帧,扩展帧,01,03 
2760,接收,16:49:06:683,,0x081e56f4,数据帧,扩展帧,04,00 01 00 00 
2761,接收,16:49:06:758,,0x18ff56f4,数据帧,扩展帧,01,03 
2762,接收,16:49:06:928,,0x081e56f4,数据帧,扩展帧,04,00 01 00 00 
2763,接收,16:49:07:008,,0x18ff56f4,数据帧,扩展帧,01,03 
2764,接收,16:49:07:178,,0x081e56f4,数据帧,扩展帧,04,00 01 00 00 
2765,接收,16:49:07:258,,0x18ff56f4,数据帧,扩展帧,01,03 
2766,接收,16:49:07:428,,0x081e56f4,数据帧,扩展帧,04,00 01 00 00 
2767,接收,16:49:07:508,,0x18ff56f4,数据帧,扩展帧,01,03 
2768,接收,16:49:07:678,,0x081e56f4,数据帧,扩展帧,04,00 01 00 00 
2769,接收,16:49:07:751,,0x18ff56f4,数据帧,扩展帧,01,03 
2770,接收,16:49:07:931,,0x081e56f4,数据帧,扩展帧,04,00 01 00 00 
2771,接收,16:49:08:001,,0x18ff56f4,数据帧,扩展帧,01,03 
2772,接收,16:49:08:181,,0x081e56f4,数据帧,扩展帧,04,00 01 00 00 
2773,接收,16:49:08:251,,0x18ff56f4,数据帧,扩展帧,01,03 
2774,接收,16:49:08:431,,0x081e56f4,数据帧,扩展帧,04,00 01 00 00 
2775,接收,16:49:08:501,,0x18ff56f4,数据帧,扩展帧,01,03 
2776,接收,16:49:08:681,,0x081e56f4,数据帧,扩展帧,04,00 01 00 00 
2777,接收,16:49:08:753,,0x18ff56f4,数据帧,扩展帧,01,03 
2778,接收,16:49:08:933,,0x081e56f4,数据帧,扩展帧,04,00 01 00 00 
2779,接收,16:49:09:003,,0x18ff56f4,数据帧,扩展帧,01,03 
2780,接收,16:49:09:183,,0x081e56f4,数据帧,扩展帧,04,00 01 00 00 
2781,接收,16:49:09:253,,0x18ff56f4,数据帧,扩展帧,01,03 
2782,接收,16:49:09:433,,0x081e56f4,数据帧,扩展帧,04,00 01 00 00 
2783,接收,16:49:09:503,,0x18ff56f4,数据帧,扩展帧,01,03 
2784,接收,16:49:09:683,,0x081e56f4,数据帧,扩展帧,04,00 01 00 00 
2785,接收,16:49:09:754,,0x18ff56f4,数据帧,扩展帧,01,03 
2786,接收,16:49:09:934,,0x081e56f4,数据帧,扩展帧,04,00 01 00 00 
2787,接收,16:49:10:004,,0x18ff56f4,数据帧,扩展帧,01,03 
2788,接收,16:49:10:184,,0x081e56f4,数据帧,扩展帧,04,00 01 00 00 
2789,接收,16:49:10:254,,0x18ff56f4,数据帧,扩展帧,01,03 
2790,接收,16:49:10:434,,0x081e56f4,数据帧,扩展帧,04,00 01 00 00 
2791,接收,16:49:10:504,,0x18ff56f4,数据帧,扩展帧,01,03 
2792,接收,16:49:10:684,,0x081e56f4,数据帧,扩展帧,04,00 01 00 00 
2793,接收,16:49:10:756,,0x18ff56f4,数据帧,扩展帧,01,03 
2794,接收,16:49:10:926,,0x081e56f4,数据帧,扩展帧,04,00 01 00 00 
2795,接收,16:49:11:007,,0x18ff56f4,数据帧,扩展帧,01,03 
2796,接收,16:49:11:177,,0x081e56f4,数据帧,扩展帧,04,00 01 00 00 
2797,接收,16:49:11:257,,0x18ff56f4,数据帧,扩展帧,01,03 
2798,接收,16:49:11:427,,0x081e56f4,数据帧,扩展帧,04,00 01 00 00 
2799,接收,16:49:11:507,,0x18ff56f4,数据帧,扩展帧,01,03 
2800,接收,16:49:11:677,,0x081e56f4,数据帧,扩展帧,04,00 01 00 00 
2801,接收,16:49:11:759,,0x18ff56f4,数据帧,扩展帧,01,03 
2802,接收,16:49:11:929,,0x081e56f4,数据帧,扩展帧,04,00 01 00 00 
2803,接收,16:49:12:009,,0x18ff56f4,数据帧,扩展帧,01,03 
2804,接收,16:49:12:179,,0x081e56f4,数据帧,扩展帧,04,00 01 00 00 
2805,接收,16:49:12:259,,0x18ff56f4,数据帧,扩展帧,01,03 
2806,接收,16:49:12:429,,0x081e56f4,数据帧,扩展帧,04,00 01 00 00 
2807,接收,16:49:12:509,,0x18ff56f4,数据帧,扩展帧,01,03 
2808,接收,16:49:12:679,,0x081e56f4,数据帧,扩展帧,04,00 01 00 00 
2809,接收,16:49:12:750,,0x18ff56f4,数据帧,扩展帧,01,03 
2810,接收,16:49:12:930,,0x081e56f4,数据帧,扩展帧,04,00 01 00 00 
2811,接收,16:49:13:000,,0x18ff56f4,数据帧,扩展帧,01,03 
2812,接收,16:49:13:180,,0x081e56f4,数据帧,扩展帧,04,00 01 00 00 
2813,接收,16:49:13:250,,0x18ff56f4,数据帧,扩展帧,01,03 
2814,接收,16:49:13:430,,0x081e56f4,数据帧,扩展帧,04,00 01 00 00 
2815,接收,16:49:13:500,,0x18ff56f4,数据帧,扩展帧,01,03 
2816,接收,16:49:13:680,,0x081e56f4,数据帧,扩展帧,04,00 01 00 00 
2817,接收,16:49:13:752,,0x18ff56f4,数据帧,扩展帧,01,03 
2818,接收,16:49:13:932,,0x081e56f4,数据帧,扩展帧,04,00 01 00 00 
2819,接收,16:49:14:002,,0x18ff56f4,数据帧,扩展帧,01,03 
2820,接收,16:49:14:182,,0x081e56f4,数据帧,扩展帧,04,00 01 00 00 
2821,接收,16:49:14:252,,0x18ff56f4,数据帧,扩展帧,01,03 
2822,接收,16:49:14:432,,0x081e56f4,数据帧,扩展帧,04,00 01 00 00 
2823,接收,16:49:14:502,,0x18ff56f4,数据帧,扩展帧,01,03 
2824,接收,16:49:14:682,,0x081e56f4,数据帧,扩展帧,04,00 01 00 00 
2825,接收,16:49:14:755,,0x18ff56f4,数据帧,扩展帧,01,03 
2826,接收,16:49:14:925,,0x081e56f4,数据帧,扩展帧,04,00 01 00 00 
2827,接收,16:49:15:006,,0x18ff56f4,数据帧,扩展帧,01,03 
2828,接收,16:49:15:175,,0x081e56f4,数据帧,扩展帧,04,00 01 00 00 
2829,接收,16:49:15:256,,0x18ff56f4,数据帧,扩展帧,01,03 
2830,接收,16:49:15:425,,0x081e56f4,数据帧,扩展帧,04,00 01 00 00 
2831,接收,16:49:15:506,,0x18ff56f4,数据帧,扩展帧,01,03 
2832,接收,16:49:15:676,,0x081e56f4,数据帧,扩展帧,04,00 01 00 00 
2833,接收,16:49:15:757,,0x18ff56f4,数据帧,扩展帧,01,03 
2834,接收,16:49:15:927,,0x081e56f4,数据帧,扩展帧,04,00 01 00 00 
2835,接收,16:49:16:007,,0x18ff56f4,数据帧,扩展帧,01,03 
2836,接收,16:49:16:177,,0x081e56f4,数据帧,扩展帧,04,00 01 00 00 
2837,接收,16:49:16:257,,0x18ff56f4,数据帧,扩展帧,01,03 
2838,接收,16:49:16:427,,0x081e56f4,数据帧,扩展帧,04,00 01 00 00 
2839,接收,16:49:16:507,,0x18ff56f4,数据帧,扩展帧,01,03 
2840,接收,16:49:16:677,,0x081e56f4,数据帧,扩展帧,04,00 01 00 00 
2841,接收,16:49:16:753,,0x18ff56f4,数据帧,扩展帧,01,03 
2842,接收,16:49:16:933,,0x081e56f4,数据帧,扩展帧,04,00 01 00 00 
2843,接收,16:49:17:003,,0x18ff56f4,数据帧,扩展帧,01,03 
2844,接收,16:49:17:183,,0x081e56f4,数据帧,扩展帧,04,00 01 00 00 
2845,接收,16:49:17:253,,0x18ff56f4,数据帧,扩展帧,01,03 
2846,接收,16:49:17:433,,0x081e56f4,数据帧,扩展帧,04,00 01 00 00 
2847,接收,16:49:17:503,,0x18ff56f4,数据帧,扩展帧,01,03 
2848,接收,16:49:17:683,,0x081e56f4,数据帧,扩展帧,04,00 01 00 00 
2849,接收,16:49:17:754,,0x18ff56f4,数据帧,扩展帧,01,03 
2850,接收,16:49:17:934,,0x081e56f4,数据帧,扩展帧,04,00 01 00 00 
2851,接收,16:49:18:004,,0x18ff56f4,数据帧,扩展帧,01,03 
2852,接收,16:49:18:184,,0x081e56f4,数据帧,扩展帧,04,00 01 00 00 
2853,接收,16:49:18:254,,0x18ff56f4,数据帧,扩展帧,01,03 
2854,接收,16:49:18:434,,0x081e56f4,数据帧,扩展帧,04,00 01 00 00 
2855,接收,16:49:18:504,,0x18ff56f4,数据帧,扩展帧,01,03 
2856,接收,16:49:18:684,,0x081e56f4,数据帧,扩展帧,04,00 01 00 00 
2857,接收,16:49:18:756,,0x18ff56f4,数据帧,扩展帧,01,03 
2858,接收,16:49:18:926,,0x081e56f4,数据帧,扩展帧,04,00 01 00 00 
2859,接收,16:49:19:006,,0x18ff56f4,数据帧,扩展帧,01,03 
2860,接收,16:49:19:176,,0x081e56f4,数据帧,扩展帧,04,00 01 00 00 
2861,接收,16:49:19:256,,0x18ff56f4,数据帧,扩展帧,01,03 
2862,接收,16:49:19:426,,0x081e56f4,数据帧,扩展帧,04,00 01 00 00 
2863,接收,16:49:19:506,,0x18ff56f4,数据帧,扩展帧,01,03 
2864,接收,16:49:19:676,,0x081e56f4,数据帧,扩展帧,04,00 01 00 00 
2865,接收,16:49:19:757,,0x18ff56f4,数据帧,扩展帧,01,03 
2866,接收,16:49:19:927,,0x081e56f4,数据帧,扩展帧,04,00 01 00 00 
2867,接收,16:49:20:007,,0x18ff56f4,数据帧,扩展帧,01,03 
2868,接收,16:49:20:177,,0x081e56f4,数据帧,扩展帧,04,00 01 00 00 
2869,接收,16:49:20:257,,0x18ff56f4,数据帧,扩展帧,01,03 
2870,接收,16:49:20:427,,0x081e56f4,数据帧,扩展帧,04,00 01 00 00 
2871,接收,16:49:20:507,,0x18ff56f4,数据帧,扩展帧,01,03 
2872,接收,16:49:20:677,,0x081e56f4,数据帧,扩展帧,04,00 01 00 00 
2873,接收,16:49:20:759,,0x18ff56f4,数据帧,扩展帧,01,03 
2874,接收,16:49:20:929,,0x081e56f4,数据帧,扩展帧,04,00 01 00 00 
2875,接收,16:49:21:009,,0x18ff56f4,数据帧,扩展帧,01,03 
2876,接收,16:49:21:179,,0x081e56f4,数据帧,扩展帧,04,00 01 00 00 
2877,接收,16:49:21:259,,0x18ff56f4,数据帧,扩展帧,01,03 
2878,接收,16:49:21:429,,0x081e56f4,数据帧,扩展帧,04,00 01 00 00 
2879,接收,16:49:21:509,,0x18ff56f4,数据帧,扩展帧,01,03 
2880,接收,16:49:21:679,,0x081e56f4,数据帧,扩展帧,04,00 01 00 00 
2881,接收,16:49:21:750,,0x18ff56f4,数据帧,扩展帧,01,03 
2882,接收,16:49:21:931,,0x081e56f4,数据帧,扩展帧,04,00 01 00 00 
2883,接收,16:49:22:011,,0x18ff56f4,数据帧,扩展帧,01,03 
2884,接收,16:49:22:181,,0x081e56f4,数据帧,扩展帧,04,00 01 00 00 
2885,接收,16:49:22:251,,0x18ff56f4,数据帧,扩展帧,01,03 
2886,接收,16:49:22:431,,0x081e56f4,数据帧,扩展帧,04,00 01 00 00 
2887,接收,16:49:22:501,,0x18ff56f4,数据帧,扩展帧,01,03 
2888,接收,16:49:22:681,,0x081e56f4,数据帧,扩展帧,04,00 01 00 00 
2889,接收,16:49:22:752,,0x18ff56f4,数据帧,扩展帧,01,03 
2890,接收,16:49:22:932,,0x081e56f4,数据帧,扩展帧,04,00 01 00 00 
2891,接收,16:49:23:002,,0x18ff56f4,数据帧,扩展帧,01,03 
2892,接收,16:49:23:182,,0x081e56f4,数据帧,扩展帧,04,00 01 00 00 
2893,接收,16:49:23:252,,0x18ff56f4,数据帧,扩展帧,01,03 
2894,接收,16:49:23:432,,0x081e56f4,数据帧,扩展帧,04,00 01 00 00 
2895,接收,16:49:23:502,,0x18ff56f4,数据帧,扩展帧,01,03 
2896,接收,16:49:23:682,,0x081e56f4,数据帧,扩展帧,04,00 01 00 00 
2897,接收,16:49:23:754,,0x18ff56f4,数据帧,扩展帧,01,03 
2898,接收,16:49:23:934,,0x081e56f4,数据帧,扩展帧,04,00 01 00 00 
2899,接收,16:49:24:004,,0x18ff56f4,数据帧,扩展帧,01,03 
2900,接收,16:49:24:184,,0x081e56f4,数据帧,扩展帧,04,00 01 00 00 
2901,接收,16:49:24:254,,0x18ff56f4,数据帧,扩展帧,01,03 
2902,接收,16:49:24:434,,0x081e56f4,数据帧,扩展帧,04,00 01 00 00 
2903,接收,16:49:24:504,,0x18ff56f4,数据帧,扩展帧,01,03 
2904,接收,16:49:24:684,,0x081e56f4,数据帧,扩展帧,04,00 01 00 00 
2905,接收,16:49:24:756,,0x18ff56f4,数据帧,扩展帧,01,03 
2906,接收,16:49:24:926,,0x081e56f4,数据帧,扩展帧,04,00 01 00 00 
2907,接收,16:49:25:006,,0x18ff56f4,数据帧,扩展帧,01,03 
2908,接收,16:49:25:183,,0x081e56f4,数据帧,扩展帧,04,00 01 00 00 
2909,接收,16:49:25:253,,0x18ff56f4,数据帧,扩展帧,01,03 
2910,接收,16:49:25:433,,0x081e56f4,数据帧,扩展帧,04,00 01 00 00 
2911,接收,16:49:25:503,,0x18ff56f4,数据帧,扩展帧,01,03 
2912,接收,16:49:25:683,,0x081e56f4,数据帧,扩展帧,04,00 01 00 00 
2913,接收,16:49:25:753,,0x18ff56f4,数据帧,扩展帧,01,03 
2914,接收,16:49:25:933,,0x081e56f4,数据帧,扩展帧,04,00 01 00 00 
2915,接收,16:49:26:003,,0x18ff56f4,数据帧,扩展帧,01,03 
2916,接收,16:49:26:183,,0x081e56f4,数据帧,扩展帧,04,00 01 00 00 
2917,接收,16:49:26:253,,0x18ff56f4,数据帧,扩展帧,01,03 
2918,接收,16:49:26:433,,0x081e56f4,数据帧,扩展帧,04,00 01 00 00 
2919,接收,16:49:26:503,,0x18ff56f4,数据帧,扩展帧,01,03 
2920,接收,16:49:26:683,,0x081e56f4,数据帧,扩展帧,04,00 01 00 00 
2921,接收,16:49:26:755,,0x18ff56f4,数据帧,扩展帧,01,03 
2922,接收,16:49:26:935,,0x081e56f4,数据帧,扩展帧,04,00 01 00 00 
2923,接收,16:49:27:005,,0x18ff56f4,数据帧,扩展帧,01,03 
2924,接收,16:49:27:185,,0x081e56f4,数据帧,扩展帧,04,00 01 00 00 
2925,接收,16:49:27:255,,0x18ff56f4,数据帧,扩展帧,01,03 
2926,接收,16:49:27:435,,0x081e56f4,数据帧,扩展帧,04,00 01 00 00 
2927,接收,16:49:27:505,,0x18ff56f4,数据帧,扩展帧,01,03 
2928,接收,16:49:27:685,,0x081e56f4,数据帧,扩展帧,04,00 01 00 00 
2929,接收,16:49:27:756,,0x18ff56f4,数据帧,扩展帧,01,03 
2930,接收,16:49:27:936,,0x081e56f4,数据帧,扩展帧,04,00 01 00 00 
2931,接收,16:49:28:006,,0x18ff56f4,数据帧,扩展帧,01,03 
2932,接收,16:49:28:176,,0x081e56f4,数据帧,扩展帧,04,00 01 00 00 
2933,接收,16:49:28:256,,0x18ff56f4,数据帧,扩展帧,01,03 
2934,接收,16:49:28:426,,0x081e56f4,数据帧,扩展帧,04,00 01 00 00 
2935,接收,16:49:28:506,,0x18ff56f4,数据帧,扩展帧,01,03 
2936,接收,16:49:28:676,,0x081e56f4,数据帧,扩展帧,04,00 01 00 00 
2937,接收,16:49:28:757,,0x18ff56f4,数据帧,扩展帧,01,03 
2938,接收,16:49:28:927,,0x081e56f4,数据帧,扩展帧,04,00 01 00 00 
2939,接收,16:49:29:007,,0x18ff56f4,数据帧,扩展帧,01,03 
2940,接收,16:49:29:177,,0x081e56f4,数据帧,扩展帧,04,00 01 00 00 
2941,接收,16:49:29:257,,0x18ff56f4,数据帧,扩展帧,01,03 
2942,接收,16:49:29:427,,0x081e56f4,数据帧,扩展帧,04,00 01 00 00 
2943,接收,16:49:29:507,,0x18ff56f4,数据帧,扩展帧,01,03 
2944,接收,16:49:29:677,,0x081e56f4,数据帧,扩展帧,04,00 01 00 00 
2945,接收,16:49:29:759,,0x18ff56f4,数据帧,扩展帧,01,03 
2946,接收,16:49:29:929,,0x081e56f4,数据帧,扩展帧,04,00 01 00 00 
2947,接收,16:49:30:009,,0x18ff56f4,数据帧,扩展帧,01,03 
2948,接收,16:49:30:179,,0x081e56f4,数据帧,扩展帧,04,00 01 00 00 
2949,接收,16:49:30:259,,0x18ff56f4,数据帧,扩展帧,01,03 
2950,接收,16:49:30:429,,0x081e56f4,数据帧,扩展帧,04,00 01 00 00 
2951,接收,16:49:30:509,,0x18ff56f4,数据帧,扩展帧,01,03 
2952,接收,16:49:30:679,,0x081e56f4,数据帧,扩展帧,04,00 01 00 00 
2953,接收,16:49:30:760,,0x18ff56f4,数据帧,扩展帧,01,03 
2954,接收,16:49:30:930,,0x081e56f4,数据帧,扩展帧,04,00 01 00 00 
2955,接收,16:49:31:010,,0x18ff56f4,数据帧,扩展帧,01,03 
2956,接收,16:49:31:180,,0x081e56f4,数据帧,扩展帧,04,00 01 00 00 
2957,接收,16:49:31:260,,0x18ff56f4,数据帧,扩展帧,01,03 
2958,接收,16:49:31:430,,0x081e56f4,数据帧,扩展帧,04,00 01 00 00 
2959,接收,16:49:31:510,,0x18ff56f4,数据帧,扩展帧,01,03 
2960,接收,16:49:31:680,,0x081e56f4,数据帧,扩展帧,04,00 01 00 00 
2961,接收,16:49:31:752,,0x18ff56f4,数据帧,扩展帧,01,03 
2962,接收,16:49:31:932,,0x081e56f4,数据帧,扩展帧,04,00 01 00 00 
2963,接收,16:49:32:002,,0x18ff56f4,数据帧,扩展帧,01,03 
2964,接收,16:49:32:182,,0x081e56f4,数据帧,扩展帧,04,00 01 00 00 
2965,接收,16:49:32:252,,0x18ff56f4,数据帧,扩展帧,01,03 
2966,接收,16:49:32:432,,0x081e56f4,数据帧,扩展帧,04,00 01 00 00 
2967,接收,16:49:32:502,,0x18ff56f4,数据帧,扩展帧,01,03 
2968,接收,16:49:32:682,,0x081e56f4,数据帧,扩展帧,04,00 01 00 00 
2969,接收,16:49:32:755,,0x18ff56f4,数据帧,扩展帧,01,03 
2970,接收,16:49:32:935,,0x081e56f4,数据帧,扩展帧,04,00 01 00 00 
2971,接收,16:49:33:005,,0x18ff56f4,数据帧,扩展帧,01,03 
2972,接收,16:49:33:185,,0x081e56f4,数据帧,扩展帧,04,00 01 00 00 
2973,接收,16:49:33:255,,0x18ff56f4,数据帧,扩展帧,01,03 
2974,接收,16:49:33:435,,0x081e56f4,数据帧,扩展帧,04,00 01 00 00 
2975,接收,16:49:33:505,,0x18ff56f4,数据帧,扩展帧,01,03 
2976,接收,16:49:33:685,,0x081e56f4,数据帧,扩展帧,04,00 01 00 00 
2977,接收,16:49:33:756,,0x18ff56f4,数据帧,扩展帧,01,03 
2978,接收,16:49:33:926,,0x081e56f4,数据帧,扩展帧,04,00 01 00 00 
2979,接收,16:49:34:006,,0x18ff56f4,数据帧,扩展帧,01,03 
2980,接收,16:49:34:176,,0x081e56f4,数据帧,扩展帧,04,00 01 00 00 
2981,接收,16:49:34:256,,0x18ff56f4,数据帧,扩展帧,01,03 
2982,接收,16:49:34:436,,0x081e56f4,数据帧,扩展帧,04,00 01 00 00 
2983,接收,16:49:34:506,,0x18ff56f4,数据帧,扩展帧,01,03 
2984,接收,16:49:34:676,,0x081e56f4,数据帧,扩展帧,04,00 01 00 00 
2985,接收,16:49:34:758,,0x18ff56f4,数据帧,扩展帧,01,03 
2986,接收,16:49:34:934,,0x081e56f4,数据帧,扩展帧,04,00 01 00 00 
2987,接收,16:49:35:004,,0x18ff56f4,数据帧,扩展帧,01,03 
2988,接收,16:49:35:184,,0x081e56f4,数据帧,扩展帧,04,00 01 00 00 
2989,接收,16:49:35:254,,0x18ff56f4,数据帧,扩展帧,01,03 
2990,接收,16:49:35:434,,0x081e56f4,数据帧,扩展帧,04,00 01 00 00 
2991,接收,16:49:35:504,,0x18ff56f4,数据帧,扩展帧,01,03 
2992,接收,16:49:35:684,,0x081e56f4,数据帧,扩展帧,04,00 01 00 00 
2993,接收,16:49:35:755,,0x18ff56f4,数据帧,扩展帧,01,03 
2994,接收,16:49:35:935,,0x081e56f4,数据帧,扩展帧,04,00 01 00 00 
2995,接收,16:49:36:005,,0x18ff56f4,数据帧,扩展帧,01,03 
2996,接收,16:49:36:185,,0x081e56f4,数据帧,扩展帧,04,00 01 00 00 
2997,接收,16:49:36:255,,0x18ff56f4,数据帧,扩展帧,01,03 
2998,接收,16:49:36:435,,0x081e56f4,数据帧,扩展帧,04,00 01 00 00 
2999,接收,16:49:36:505,,0x18ff56f4,数据帧,扩展帧,01,03 
3000,接收,16:49:36:680,,0x081e56f4,数据帧,扩展帧,04,00 01 00 00 
3001,接收,16:49:36:761,,0x18ff56f4,数据帧,扩展帧,01,03 
3002,接收,16:49:36:931,,0x081e56f4,数据帧,扩展帧,04,00 01 00 00 
3003,接收,16:49:37:011,,0x18ff56f4,数据帧,扩展帧,01,03 
3004,接收,16:49:37:181,,0x081e56f4,数据帧,扩展帧,04,00 01 00 00 
3005,接收,16:49:37:261,,0x18ff56f4,数据帧,扩展帧,01,03 
3006,接收,16:49:37:431,,0x081e56f4,数据帧,扩展帧,04,00 01 00 00 
3007,接收,16:49:37:511,,0x18ff56f4,数据帧,扩展帧,01,03 
3008,接收,16:49:37:681,,0x081e56f4,数据帧,扩展帧,04,00 01 00 00 
3009,接收,16:49:37:752,,0x18ff56f4,数据帧,扩展帧,01,03 
3010,接收,16:49:37:932,,0x081e56f4,数据帧,扩展帧,04,00 01 00 00 
3011,接收,16:49:38:002,,0x18ff56f4,数据帧,扩展帧,01,03 
3012,接收,16:49:38:182,,0x081e56f4,数据帧,扩展帧,04,00 01 00 00 
3013,接收,16:49:38:252,,0x18ff56f4,数据帧,扩展帧,01,03 
3014,接收,16:49:38:432,,0x081e56f4,数据帧,扩展帧,04,00 01 00 00 
3015,接收,16:49:38:502,,0x18ff56f4,数据帧,扩展帧,01,03 
3016,接收,16:49:38:682,,0x081e56f4,数据帧,扩展帧,04,00 01 00 00 
3017,接收,16:49:38:753,,0x18ff56f4,数据帧,扩展帧,01,03 
3018,接收,16:49:38:933,,0x081e56f4,数据帧,扩展帧,04,00 01 00 00 
3019,接收,16:49:39:003,,0x18ff56f4,数据帧,扩展帧,01,03 
3020,接收,16:49:39:183,,0x081e56f4,数据帧,扩展帧,04,00 01 00 00 
3021,接收,16:49:39:253,,0x18ff56f4,数据帧,扩展帧,01,03 
3022,接收,16:49:39:433,,0x081e56f4,数据帧,扩展帧,04,00 01 00 00 
3023,接收,16:49:39:503,,0x18ff56f4,数据帧,扩展帧,01,03 
3024,接收,16:49:39:683,,0x081e56f4,数据帧,扩展帧,04,00 01 00 00 
3025,接收,16:49:39:755,,0x18ff56f4,数据帧,扩展帧,01,03 
3026,接收,16:49:39:935,,0x081e56f4,数据帧,扩展帧,04,00 01 00 00 
3027,接收,16:49:40:005,,0x18ff56f4,数据帧,扩展帧,01,03 
3028,接收,16:49:40:185,,0x081e56f4,数据帧,扩展帧,04,00 01 00 00 
3029,接收,16:49:40:255,,0x18ff56f4,数据帧,扩展帧,01,03 
3030,接收,16:49:40:435,,0x081e56f4,数据帧,扩展帧,04,00 01 00 00 
3031,接收,16:49:40:505,,0x18ff56f4,数据帧,扩展帧,01,03 
3032,接收,16:49:40:685,,0x081e56f4,数据帧,扩展帧,04,00 01 00 00 
3033,接收,16:49:40:757,,0x18ff56f4,数据帧,扩展帧,01,03 
3034,接收,16:49:40:927,,0x081e56f4,数据帧,扩展帧,04,00 01 00 00 
3035,接收,16:49:41:007,,0x18ff56f4,数据帧,扩展帧,01,03 
3036,接收,16:49:41:177,,0x081e56f4,数据帧,扩展帧,04,00 01 00 00 
3037,接收,16:49:41:257,,0x18ff56f4,数据帧,扩展帧,01,03 
3038,接收,16:49:41:427,,0x081e56f4,数据帧,扩展帧,04,00 01 00 00 
3039,接收,16:49:41:507,,0x18ff56f4,数据帧,扩展帧,01,03 
3040,接收,16:49:41:677,,0x081e56f4,数据帧,扩展帧,04,00 01 00 00 
3041,接收,16:49:41:758,,0x18ff56f4,数据帧,扩展帧,01,03 
3042,接收,16:49:41:928,,0x081e56f4,数据帧,扩展帧,04,00 01 00 00 
3043,接收,16:49:42:008,,0x18ff56f4,数据帧,扩展帧,01,03 
3044,接收,16:49:42:178,,0x081e56f4,数据帧,扩展帧,04,00 01 00 00 
3045,接收,16:49:42:258,,0x18ff56f4,数据帧,扩展帧,01,03 
3046,接收,16:49:42:428,,0x081e56f4,数据帧,扩展帧,04,00 01 00 00 
3047,接收,16:49:42:508,,0x18ff56f4,数据帧,扩展帧,01,03 
3048,接收,16:49:42:678,,0x081e56f4,数据帧,扩展帧,04,00 01 00 00 
3049,接收,16:49:42:762,,0x18ff56f4,数据帧,扩展帧,01,03 
3050,接收,16:49:42:932,,0x081e56f4,数据帧,扩展帧,04,00 01 00 00 
3051,接收,16:49:43:002,,0x18ff56f4,数据帧,扩展帧,01,03 
3052,接收,16:49:43:182,,0x081e56f4,数据帧,扩展帧,04,00 01 00 00 
3053,接收,16:49:43:252,,0x18ff56f4,数据帧,扩展帧,01,03 
3054,接收,16:49:43:433,,0x081e56f4,数据帧,扩展帧,04,00 01 00 00 
3055,接收,16:49:43:503,,0x18ff56f4,数据帧,扩展帧,01,03 
3056,接收,16:49:43:683,,0x081e56f4,数据帧,扩展帧,04,00 01 00 00 
3057,接收,16:49:43:754,,0x18ff56f4,数据帧,扩展帧,01,03 
3058,接收,16:49:43:934,,0x081e56f4,数据帧,扩展帧,04,00 01 00 00 
3059,接收,16:49:44:004,,0x18ff56f4,数据帧,扩展帧,01,03 
3060,接收,16:49:44:184,,0x081e56f4,数据帧,扩展帧,04,00 01 00 00 
3061,接收,16:49:44:254,,0x18ff56f4,数据帧,扩展帧,01,03 
3062,接收,16:49:44:434,,0x081e56f4,数据帧,扩展帧,04,00 01 00 00 
3063,接收,16:49:44:504,,0x18ff56f4,数据帧,扩展帧,01,03 
3064,接收,16:49:44:684,,0x081e56f4,数据帧,扩展帧,04,00 01 00 00 
3065,接收,16:49:44:755,,0x18ff56f4,数据帧,扩展帧,01,03 
3066,接收,16:49:44:935,,0x081e56f4,数据帧,扩展帧,04,00 01 00 00 
3067,接收,16:49:45:005,,0x18ff56f4,数据帧,扩展帧,01,03 
3068,接收,16:49:45:185,,0x081e56f4,数据帧,扩展帧,04,00 01 00 00 
3069,接收,16:49:45:255,,0x18ff56f4,数据帧,扩展帧,01,03 
3070,接收,16:49:45:435,,0x081e56f4,数据帧,扩展帧,04,00 01 00 00 
3071,接收,16:49:45:505,,0x18ff56f4,数据帧,扩展帧,01,03 
3072,接收,16:49:45:685,,0x081e56f4,数据帧,扩展帧,04,00 01 00 00 
3073,接收,16:49:45:756,,0x18ff56f4,数据帧,扩展帧,01,03 
3074,接收,16:49:45:936,,0x081e56f4,数据帧,扩展帧,04,00 01 00 00 
3075,接收,16:49:46:006,,0x18ff56f4,数据帧,扩展帧,01,03 
3076,接收,16:49:46:176,,0x081e56f4,数据帧,扩展帧,04,00 01 00 00 
3077,接收,16:49:46:256,,0x18ff56f4,数据帧,扩展帧,01,03 
3078,接收,16:49:46:436,,0x081e56f4,数据帧,扩展帧,04,00 01 00 00 
3079,接收,16:49:46:506,,0x18ff56f4,数据帧,扩展帧,01,03 
3080,接收,16:49:46:686,,0x081e56f4,数据帧,扩展帧,04,00 01 00 00 
3081,接收,16:49:46:758,,0x18ff56f4,数据帧,扩展帧,01,03 
3082,接收,16:49:46:928,,0x081e56f4,数据帧,扩展帧,04,00 01 00 00 
3083,接收,16:49:47:008,,0x18ff56f4,数据帧,扩展帧,01,03 
3084,接收,16:49:47:178,,0x081e56f4,数据帧,扩展帧,04,00 01 00 00 
3085,接收,16:49:47:258,,0x18ff56f4,数据帧,扩展帧,01,03 
3086,接收,16:49:47:428,,0x081e56f4,数据帧,扩展帧,04,00 01 00 00 
3087,接收,16:49:47:508,,0x18ff56f4,数据帧,扩展帧,01,03 
3088,接收,16:49:47:678,,0x081e56f4,数据帧,扩展帧,04,00 01 00 00 
3089,接收,16:49:47:760,,0x18ff56f4,数据帧,扩展帧,01,03 
3090,接收,16:49:47:930,,0x081e56f4,数据帧,扩展帧,04,00 01 00 00 
3091,接收,16:49:48:010,,0x18ff56f4,数据帧,扩展帧,01,03 
3092,接收,16:49:48:180,,0x081e56f4,数据帧,扩展帧,04,00 01 00 00 
3093,接收,16:49:48:260,,0x18ff56f4,数据帧,扩展帧,01,03 
3094,接收,16:49:48:430,,0x081e56f4,数据帧,扩展帧,04,00 01 00 00 
3095,接收,16:49:48:510,,0x18ff56f4,数据帧,扩展帧,01,03 
3096,接收,16:49:48:680,,0x081e56f4,数据帧,扩展帧,04,00 01 00 00 
3097,接收,16:49:48:761,,0x18ff56f4,数据帧,扩展帧,01,03 
3098,接收,16:49:48:931,,0x081e56f4,数据帧,扩展帧,04,00 01 00 00 
3099,接收,16:49:49:011,,0x18ff56f4,数据帧,扩展帧,01,03 
3100,接收,16:49:49:181,,0x081e56f4,数据帧,扩展帧,04,00 01 00 00 
3101,接收,16:49:49:261,,0x18ff56f4,数据帧,扩展帧,01,03 
3102,接收,16:49:49:431,,0x081e56f4,数据帧,扩展帧,04,00 01 00 00 
3103,接收,16:49:49:511,,0x18ff56f4,数据帧,扩展帧,01,03 
3104,接收,16:49:49:681,,0x081e56f4,数据帧,扩展帧,04,00 01 00 00 
3105,接收,16:49:49:752,,0x18ff56f4,数据帧,扩展帧,01,03 
3106,接收,16:49:49:932,,0x081e56f4,数据帧,扩展帧,04,00 01 00 00 
3107,接收,16:49:50:002,,0x18ff56f4,数据帧,扩展帧,01,03 
3108,接收,16:49:50:182,,0x081e56f4,数据帧,扩展帧,04,00 01 00 00 
3109,接收,16:49:50:252,,0x18ff56f4,数据帧,扩展帧,01,03 
3110,接收,16:49:50:432,,0x081e56f4,数据帧,扩展帧,04,00 01 00 00 
3111,接收,16:49:50:502,,0x18ff56f4,数据帧,扩展帧,01,03 
3112,接收,16:49:50:682,,0x081e56f4,数据帧,扩展帧,04,00 01 00 00 
3113,接收,16:49:50:753,,0x18ff56f4,数据帧,扩展帧,01,03 
3114,接收,16:49:50:933,,0x081e56f4,数据帧,扩展帧,04,00 01 00 00 
3115,接收,16:49:51:003,,0x18ff56f4,数据帧,扩展帧,01,03 
3116,接收,16:49:51:183,,0x081e56f4,数据帧,扩展帧,04,00 01 00 00 
3117,接收,16:49:51:253,,0x18ff56f4,数据帧,扩展帧,01,03 
3118,接收,16:49:51:433,,0x081e56f4,数据帧,扩展帧,04,00 01 00 00 
3119,接收,16:49:51:503,,0x18ff56f4,数据帧,扩展帧,01,03 
3120,接收,16:49:51:683,,0x081e56f4,数据帧,扩展帧,04,00 01 00 00 
3121,接收,16:49:51:754,,0x18ff56f4,数据帧,扩展帧,01,03 
3122,接收,16:49:51:934,,0x081e56f4,数据帧,扩展帧,04,00 01 00 00 
3123,接收,16:49:52:004,,0x18ff56f4,数据帧,扩展帧,01,03 
3124,接收,16:49:52:184,,0x081e56f4,数据帧,扩展帧,04,00 01 00 00 
3125,接收,16:49:52:254,,0x18ff56f4,数据帧,扩展帧,01,03 
3126,接收,16:49:52:434,,0x081e56f4,数据帧,扩展帧,04,00 01 00 00 
3127,接收,16:49:52:504,,0x18ff56f4,数据帧,扩展帧,01,03 
3128,接收,16:49:52:684,,0x081e56f4,数据帧,扩展帧,04,00 01 00 00 
3129,接收,16:49:52:760,,0x18ff56f4,数据帧,扩展帧,01,03 
3130,接收,16:49:52:930,,0x081e56f4,数据帧,扩展帧,04,00 01 00 00 
3131,接收,16:49:53:010,,0x18ff56f4,数据帧,扩展帧,01,03 
3132,接收,16:49:53:180,,0x081e56f4,数据帧,扩展帧,04,00 01 00 00 
3133,接收,16:49:53:261,,0x18ff56f4,数据帧,扩展帧,01,03 
3134,接收,16:49:53:431,,0x081e56f4,数据帧,扩展帧,04,00 01 00 00 
3135,接收,16:49:53:501,,0x18ff56f4,数据帧,扩展帧,01,03 
3136,接收,16:49:53:681,,0x081e56f4,数据帧,扩展帧,04,00 01 00 00 
3137,接收,16:49:53:752,,0x18ff56f4,数据帧,扩展帧,01,03 
3138,接收,16:49:53:932,,0x081e56f4,数据帧,扩展帧,04,00 01 00 00 
3139,接收,16:49:54:002,,0x18ff56f4,数据帧,扩展帧,01,03 
3140,接收,16:49:54:182,,0x081e56f4,数据帧,扩展帧,04,00 01 00 00 
3141,接收,16:49:54:252,,0x18ff56f4,数据帧,扩展帧,01,03 
3142,接收,16:49:54:432,,0x081e56f4,数据帧,扩展帧,04,00 01 00 00 
3143,接收,16:49:54:502,,0x18ff56f4,数据帧,扩展帧,01,03 
3144,接收,16:49:54:682,,0x081e56f4,数据帧,扩展帧,04,00 01 00 00 
3145,接收,16:49:54:761,,0x18ff56f4,数据帧,扩展帧,01,03 
3146,接收,16:49:54:934,,0x081e56f4,数据帧,扩展帧,04,00 01 00 00 
3147,接收,16:49:55:011,,0x18ff56f4,数据帧,扩展帧,01,03 
3148,接收,16:49:55:186,,0x081e56f4,数据帧,扩展帧,04,00 01 00 00 
3149,接收,16:49:55:253,,0x18ff56f4,数据帧,扩展帧,01,03 
3150,接收,16:49:55:430,,0x081e56f4,数据帧,扩展帧,04,00 01 00 00 
3151,接收,16:49:55:510,,0x18ff56f4,数据帧,扩展帧,01,03 
3152,接收,16:49:55:680,,0x081e56f4,数据帧,扩展帧,04,00 01 00 00 
3153,接收,16:49:55:751,,0x18ff56f4,数据帧,扩展帧,01,03 
3154,接收,16:49:55:931,,0x081e56f4,数据帧,扩展帧,04,00 01 00 00 
3155,接收,16:49:56:001,,0x18ff56f4,数据帧,扩展帧,01,03 
3156,接收,16:49:56:181,,0x081e56f4,数据帧,扩展帧,04,00 01 00 00 
3157,接收,16:49:56:251,,0x18ff56f4,数据帧,扩展帧,01,03 
3158,接收,16:49:56:431,,0x081e56f4,数据帧,扩展帧,04,00 01 00 00 
3159,接收,16:49:56:511,,0x18ff56f4,数据帧,扩展帧,01,03 
3160,接收,16:49:56:681,,0x081e56f4,数据帧,扩展帧,04,00 01 00 00 
3161,接收,16:49:56:752,,0x18ff56f4,数据帧,扩展帧,01,03 
3162,接收,16:49:56:932,,0x081e56f4,数据帧,扩展帧,04,00 01 00 00 
3163,接收,16:49:57:002,,0x18ff56f4,数据帧,扩展帧,01,03 
3164,接收,16:49:57:182,,0x081e56f4,数据帧,扩展帧,04,00 01 00 00 
3165,接收,16:49:57:252,,0x18ff56f4,数据帧,扩展帧,01,03 
3166,接收,16:49:57:432,,0x081e56f4,数据帧,扩展帧,04,00 01 00 00 
3167,接收,16:49:57:502,,0x18ff56f4,数据帧,扩展帧,01,03 
3168,接收,16:49:57:682,,0x081e56f4,数据帧,扩展帧,04,00 01 00 00 
3169,接收,16:49:57:754,,0x18ff56f4,数据帧,扩展帧,01,03 
3170,接收,16:49:57:934,,0x081e56f4,数据帧,扩展帧,04,00 01 00 00 
3171,接收,16:49:58:004,,0x18ff56f4,数据帧,扩展帧,01,03 
3172,接收,16:49:58:184,,0x081e56f4,数据帧,扩展帧,04,00 01 00 00 
3173,接收,16:49:58:254,,0x18ff56f4,数据帧,扩展帧,01,03 
3174,接收,16:49:58:434,,0x081e56f4,数据帧,扩展帧,04,00 01 00 00 
3175,接收,16:49:58:504,,0x18ff56f4,数据帧,扩展帧,01,03 
3176,接收,16:49:58:684,,0x081e56f4,数据帧,扩展帧,04,00 01 00 00 
3177,接收,16:49:58:755,,0x18ff56f4,数据帧,扩展帧,01,03 
3178,接收,16:49:58:935,,0x081e56f4,数据帧,扩展帧,04,00 01 00 00 
3179,接收,16:49:59:005,,0x18ff56f4,数据帧,扩展帧,01,03 
3180,接收,16:49:59:185,,0x081e56f4,数据帧,扩展帧,04,00 01 00 00 
3181,接收,16:49:59:255,,0x18ff56f4,数据帧,扩展帧,01,03 
3182,接收,16:49:59:435,,0x081e56f4,数据帧,扩展帧,04,00 01 00 00 
3183,接收,16:49:59:505,,0x18ff56f4,数据帧,扩展帧,01,03 
3184,接收,16:49:59:685,,0x081e56f4,数据帧,扩展帧,04,00 01 00 00 
3185,接收,16:49:59:757,,0x18ff56f4,数据帧,扩展帧,01,03 
3186,接收,16:49:59:937,,0x081e56f4,数据帧,扩展帧,04,00 01 00 00 
3187,接收,16:50:00:007,,0x18ff56f4,数据帧,扩展帧,01,03 
3188,接收,16:50:00:184,,0x081e56f4,数据帧,扩展帧,04,00 01 00 00 
3189,接收,16:50:00:254,,0x18ff56f4,数据帧,扩展帧,01,03 
3190,接收,16:50:00:434,,0x081e56f4,数据帧,扩展帧,04,00 01 00 00 
3191,接收,16:50:00:504,,0x18ff56f4,数据帧,扩展帧,01,03 
3192,接收,16:50:00:684,,0x081e56f4,数据帧,扩展帧,04,00 01 00 00 
3193,接收,16:50:00:755,,0x18ff56f4,数据帧,扩展帧,01,03 
3194,接收,16:50:00:934,,0x081e56f4,数据帧,扩展帧,04,00 01 00 00 
3195,接收,16:50:01:004,,0x18ff56f4,数据帧,扩展帧,01,03 
3196,接收,16:50:01:185,,0x081e56f4,数据帧,扩展帧,04,00 01 00 00 
3197,接收,16:50:01:254,,0x18ff56f4,数据帧,扩展帧,01,03 
3198,接收,16:50:01:435,,0x081e56f4,数据帧,扩展帧,04,00 01 00 00 
3199,接收,16:50:01:505,,0x18ff56f4,数据帧,扩展帧,01,03 
3200,接收,16:50:01:685,,0x081e56f4,数据帧,扩展帧,04,00 01 00 00 
3201,接收,16:50:01:756,,0x18ff56f4,数据帧,扩展帧,01,03 
3202,接收,16:50:01:936,,0x081e56f4,数据帧,扩展帧,04,00 01 00 00 
3203,接收,16:50:02:006,,0x18ff56f4,数据帧,扩展帧,01,03 
3204,接收,16:50:02:186,,0x081e56f4,数据帧,扩展帧,04,00 01 00 00 
3205,接收,16:50:02:256,,0x18ff56f4,数据帧,扩展帧,01,03 
3206,接收,16:50:02:436,,0x081e56f4,数据帧,扩展帧,04,00 01 00 00 
3207,接收,16:50:02:506,,0x18ff56f4,数据帧,扩展帧,01,03 
3208,接收,16:50:02:686,,0x081e56f4,数据帧,扩展帧,04,00 01 00 00 
3209,接收,16:50:02:757,,0x18ff56f4,数据帧,扩展帧,01,03 
3210,接收,16:50:02:927,,0x081e56f4,数据帧,扩展帧,04,00 01 00 00 
3211,接收,16:50:03:007,,0x18ff56f4,数据帧,扩展帧,01,03 
3212,接收,16:50:03:177,,0x081e56f4,数据帧,扩展帧,04,00 01 00 00 
3213,接收,16:50:03:257,,0x18ff56f4,数据帧,扩展帧,01,03 
3214,接收,16:50:03:427,,0x081e56f4,数据帧,扩展帧,04,00 01 00 00 
3215,接收,16:50:03:507,,0x18ff56f4,数据帧,扩展帧,01,03 
3216,接收,16:50:03:677,,0x081e56f4,数据帧,扩展帧,04,00 01 00 00 
3217,接收,16:50:03:760,,0x18ff56f4,数据帧,扩展帧,01,03 
3218,接收,16:50:03:930,,0x081e56f4,数据帧,扩展帧,04,00 01 00 00 
3219,接收,16:50:04:010,,0x18ff56f4,数据帧,扩展帧,01,03 
3220,接收,16:50:04:180,,0x081e56f4,数据帧,扩展帧,04,00 01 00 00 
3221,接收,16:50:04:260,,0x18ff56f4,数据帧,扩展帧,01,03 
3222,接收,16:50:04:430,,0x081e56f4,数据帧,扩展帧,04,00 01 00 00 
3223,接收,16:50:04:510,,0x18ff56f4,数据帧,扩展帧,01,03 
3224,接收,16:50:04:680,,0x081e56f4,数据帧,扩展帧,04,00 01 00 00 
3225,接收,16:50:04:761,,0x18ff56f4,数据帧,扩展帧,01,03 
3226,接收,16:50:04:931,,0x081e56f4,数据帧,扩展帧,04,00 01 00 00 
3227,接收,16:50:05:011,,0x18ff56f4,数据帧,扩展帧,01,03 
3228,接收,16:50:05:181,,0x081e56f4,数据帧,扩展帧,04,00 01 00 00 
3229,接收,16:50:05:261,,0x18ff56f4,数据帧,扩展帧,01,03 
3230,接收,16:50:05:433,,0x081e56f4,数据帧,扩展帧,04,00 01 00 00 
3231,接收,16:50:05:503,,0x18ff56f4,数据帧,扩展帧,01,03 
3232,接收,16:50:05:683,,0x081e56f4,数据帧,扩展帧,04,00 01 00 00 
3233,接收,16:50:05:754,,0x18ff56f4,数据帧,扩展帧,01,03 
3234,接收,16:50:05:934,,0x081e56f4,数据帧,扩展帧,04,00 01 00 00 
3235,接收,16:50:06:004,,0x18ff56f4,数据帧,扩展帧,01,03 
3236,接收,16:50:06:184,,0x081e56f4,数据帧,扩展帧,04,00 01 00 00 
3237,接收,16:50:06:254,,0x18ff56f4,数据帧,扩展帧,01,03 
3238,接收,16:50:06:434,,0x081e56f4,数据帧,扩展帧,04,00 01 00 00 
3239,接收,16:50:06:504,,0x18ff56f4,数据帧,扩展帧,01,03 
3240,接收,16:50:06:684,,0x081e56f4,数据帧,扩展帧,04,00 01 00 00 
3241,接收,16:50:06:757,,0x18ff56f4,数据帧,扩展帧,01,03 
3242,接收,16:50:06:937,,0x081e56f4,数据帧,扩展帧,04,00 01 00 00 
3243,接收,16:50:07:007,,0x18ff56f4,数据帧,扩展帧,01,03 
3244,接收,16:50:07:187,,0x081e56f4,数据帧,扩展帧,04,00 01 00 00 
3245,接收,16:50:07:257,,0x18ff56f4,数据帧,扩展帧,01,03 
3246,接收,16:50:07:437,,0x081e56f4,数据帧,扩展帧,04,00 01 00 00 
3247,接收,16:50:07:507,,0x18ff56f4,数据帧,扩展帧,01,03 
3248,接收,16:50:07:687,,0x081e56f4,数据帧,扩展帧,04,00 01 00 00 
3249,接收,16:50:07:758,,0x18ff56f4,数据帧,扩展帧,01,03 
3250,接收,16:50:07:928,,0x081e56f4,数据帧,扩展帧,04,00 01 00 00 
3251,接收,16:50:08:008,,0x18ff56f4,数据帧,扩展帧,01,03 
3252,接收,16:50:08:178,,0x081e56f4,数据帧,扩展帧,04,00 01 00 00 
3253,接收,16:50:08:258,,0x18ff56f4,数据帧,扩展帧,01,03 
3254,接收,16:50:08:428,,0x081e56f4,数据帧,扩展帧,04,00 01 00 00 
3255,接收,16:50:08:508,,0x18ff56f4,数据帧,扩展帧,01,03 
3256,接收,16:50:08:678,,0x081e56f4,数据帧,扩展帧,04,00 01 00 00 
3257,接收,16:50:08:759,,0x18ff56f4,数据帧,扩展帧,01,03 
3258,接收,16:50:08:929,,0x081e56f4,数据帧,扩展帧,04,00 01 00 00 
3259,接收,16:50:09:009,,0x18ff56f4,数据帧,扩展帧,01,03 
3260,接收,16:50:09:179,,0x081e56f4,数据帧,扩展帧,04,00 01 00 00 
3261,接收,16:50:09:259,,0x18ff56f4,数据帧,扩展帧,01,03 
3262,接收,16:50:09:429,,0x081e56f4,数据帧,扩展帧,04,00 01 00 00 
3263,接收,16:50:09:509,,0x18ff56f4,数据帧,扩展帧,01,03 
3264,接收,16:50:09:679,,0x081e56f4,数据帧,扩展帧,04,00 01 00 00 
3265,接收,16:50:09:761,,0x18ff56f4,数据帧,扩展帧,01,03 
3266,接收,16:50:09:931,,0x081e56f4,数据帧,扩展帧,04,00 01 00 00 
3267,接收,16:50:10:011,,0x18ff56f4,数据帧,扩展帧,01,03 
3268,接收,16:50:10:181,,0x081e56f4,数据帧,扩展帧,04,00 01 00 00 
3269,接收,16:50:10:261,,0x18ff56f4,数据帧,扩展帧,01,03 
3270,接收,16:50:10:431,,0x081e56f4,数据帧,扩展帧,04,00 01 00 00 
3271,接收,16:50:10:511,,0x18ff56f4,数据帧,扩展帧,01,03 
3272,接收,16:50:10:681,,0x081e56f4,数据帧,扩展帧,04,00 01 00 00 
3273,接收,16:50:10:756,,0x18ff56f4,数据帧,扩展帧,01,03 
3274,接收,16:50:10:936,,0x081e56f4,数据帧,扩展帧,04,00 01 00 00 
3275,接收,16:50:11:006,,0x18ff56f4,数据帧,扩展帧,01,03 
3276,接收,16:50:11:186,,0x081e56f4,数据帧,扩展帧,04,00 01 00 00 
3277,接收,16:50:11:256,,0x18ff56f4,数据帧,扩展帧,01,03 
3278,接收,16:50:11:436,,0x081e56f4,数据帧,扩展帧,04,00 01 00 00 
3279,接收,16:50:11:506,,0x18ff56f4,数据帧,扩展帧,01,03 
3280,接收,16:50:11:686,,0x081e56f4,数据帧,扩展帧,04,00 01 00 00 
3281,接收,16:50:11:757,,0x18ff56f4,数据帧,扩展帧,01,03 
3282,接收,16:50:11:937,,0x081e56f4,数据帧,扩展帧,04,00 01 00 00 
3283,接收,16:50:12:007,,0x18ff56f4,数据帧,扩展帧,01,03 
3284,接收,16:50:12:187,,0x081e56f4,数据帧,扩展帧,04,00 01 00 00 
3285,接收,16:50:12:257,,0x18ff56f4,数据帧,扩展帧,01,03 
3286,接收,16:50:12:437,,0x081e56f4,数据帧,扩展帧,04,00 01 00 00 
3287,接收,16:50:12:507,,0x18ff56f4,数据帧,扩展帧,01,03 
3288,接收,16:50:12:687,,0x081e56f4,数据帧,扩展帧,04,00 01 00 00 
3289,接收,16:50:12:758,,0x18ff56f4,数据帧,扩展帧,01,03 
3290,接收,16:50:12:928,,0x081e56f4,数据帧,扩展帧,04,00 01 00 00 
3291,接收,16:50:13:008,,0x18ff56f4,数据帧,扩展帧,01,03 
3292,接收,16:50:13:178,,0x081e56f4,数据帧,扩展帧,04,00 01 00 00 
3293,接收,16:50:13:258,,0x18ff56f4,数据帧,扩展帧,01,03 
3294,接收,16:50:13:428,,0x081e56f4,数据帧,扩展帧,04,00 01 00 00 
3295,接收,16:50:13:508,,0x18ff56f4,数据帧,扩展帧,01,03 
3296,接收,16:50:13:678,,0x081e56f4,数据帧,扩展帧,04,00 01 00 00 
3297,接收,16:50:13:760,,0x18ff56f4,数据帧,扩展帧,01,03 
3298,接收,16:50:13:930,,0x081e56f4,数据帧,扩展帧,04,00 01 00 00 
3299,接收,16:50:14:010,,0x18ff56f4,数据帧,扩展帧,01,03 
3300,接收,16:50:14:180,,0x081e56f4,数据帧,扩展帧,04,00 01 00 00 
3301,接收,16:50:14:260,,0x18ff56f4,数据帧,扩展帧,01,03 
3302,接收,16:50:14:430,,0x081e56f4,数据帧,扩展帧,04,00 01 00 00 
3303,接收,16:50:14:510,,0x18ff56f4,数据帧,扩展帧,01,03 
3304,接收,16:50:14:686,,0x081e56f4,数据帧,扩展帧,04,00 01 00 00 
3305,接收,16:50:14:758,,0x18ff56f4,数据帧,扩展帧,01,03 
3306,接收,16:50:14:938,,0x081e56f4,数据帧,扩展帧,04,00 01 00 00 
3307,接收,16:50:15:008,,0x18ff56f4,数据帧,扩展帧,01,03 
3308,接收,16:50:15:188,,0x081e56f4,数据帧,扩展帧,04,00 01 00 00 
3309,接收,16:50:15:258,,0x18ff56f4,数据帧,扩展帧,01,03 
3310,接收,16:50:15:438,,0x081e56f4,数据帧,扩展帧,04,00 01 00 00 
3311,接收,16:50:15:508,,0x18ff56f4,数据帧,扩展帧,01,03 
3312,接收,16:50:15:688,,0x081e56f4,数据帧,扩展帧,04,00 01 00 00 
3313,接收,16:50:15:760,,0x18ff56f4,数据帧,扩展帧,01,03 
3314,接收,16:50:15:930,,0x081e56f4,数据帧,扩展帧,04,00 01 00 00 
3315,接收,16:50:16:010,,0x18ff56f4,数据帧,扩展帧,01,03 
3316,接收,16:50:16:180,,0x081e56f4,数据帧,扩展帧,04,00 01 00 00 
3317,接收,16:50:16:260,,0x18ff56f4,数据帧,扩展帧,01,03 
3318,接收,16:50:16:430,,0x081e56f4,数据帧,扩展帧,04,00 01 00 00 
3319,接收,16:50:16:510,,0x18ff56f4,数据帧,扩展帧,01,03 
3320,接收,16:50:16:680,,0x081e56f4,数据帧,扩展帧,04,00 01 00 00 
3321,接收,16:50:16:761,,0x18ff56f4,数据帧,扩展帧,01,03 
3322,接收,16:50:16:931,,0x081e56f4,数据帧,扩展帧,04,00 01 00 00 
3323,接收,16:50:17:011,,0x18ff56f4,数据帧,扩展帧,01,03 
3324,接收,16:50:17:181,,0x081e56f4,数据帧,扩展帧,04,00 01 00 00 
3325,接收,16:50:17:261,,0x18ff56f4,数据帧,扩展帧,01,03 
3326,接收,16:50:17:431,,0x081e56f4,数据帧,扩展帧,04,00 01 00 00 
3327,接收,16:50:17:511,,0x18ff56f4,数据帧,扩展帧,01,03 
3328,接收,16:50:17:681,,0x081e56f4,数据帧,扩展帧,04,00 01 00 00 
3329,接收,16:50:17:762,,0x18ff56f4,数据帧,扩展帧,01,03 
3330,接收,16:50:17:932,,0x081e56f4,数据帧,扩展帧,04,00 01 00 00 
3331,接收,16:50:18:012,,0x18ff56f4,数据帧,扩展帧,01,03 
3332,接收,16:50:18:182,,0x081e56f4,数据帧,扩展帧,04,00 01 00 00 
3333,接收,16:50:18:262,,0x18ff56f4,数据帧,扩展帧,01,03 
3334,接收,16:50:18:432,,0x081e56f4,数据帧,扩展帧,04,00 01 00 00 
3335,接收,16:50:18:512,,0x18ff56f4,数据帧,扩展帧,01,03 
3336,接收,16:50:18:682,,0x081e56f4,数据帧,扩展帧,04,00 01 00 00 
3337,接收,16:50:18:756,,0x18ff56f4,数据帧,扩展帧,01,03 
3338,接收,16:50:18:936,,0x081e56f4,数据帧,扩展帧,04,00 01 00 00 
3339,接收,16:50:19:006,,0x18ff56f4,数据帧,扩展帧,01,03 
3340,接收,16:50:19:186,,0x081e56f4,数据帧,扩展帧,04,00 01 00 00 
3341,接收,16:50:19:256,,0x18ff56f4,数据帧,扩展帧,01,03 
3342,接收,16:50:19:436,,0x081e56f4,数据帧,扩展帧,04,00 01 00 00 
3343,接收,16:50:19:506,,0x18ff56f4,数据帧,扩展帧,01,03 
3344,接收,16:50:19:686,,0x081e56f4,数据帧,扩展帧,04,00 01 00 00 
3345,接收,16:50:19:757,,0x18ff56f4,数据帧,扩展帧,01,03 
3346,接收,16:50:19:937,,0x081e56f4,数据帧,扩展帧,04,00 01 00 00 
3347,接收,16:50:20:007,,0x18ff56f4,数据帧,扩展帧,01,03 
3348,接收,16:50:20:187,,0x081e56f4,数据帧,扩展帧,04,00 01 00 00 
3349,接收,16:50:20:257,,0x18ff56f4,数据帧,扩展帧,01,03 
3350,接收,16:50:20:437,,0x081e56f4,数据帧,扩展帧,04,00 01 00 00 
3351,接收,16:50:20:507,,0x18ff56f4,数据帧,扩展帧,01,03 
3352,接收,16:50:20:687,,0x081e56f4,数据帧,扩展帧,04,00 01 00 00 
3353,接收,16:50:20:756,,0x18ff56f4,数据帧,扩展帧,01,03 
3354,接收,16:50:20:936,,0x081e56f4,数据帧,扩展帧,04,00 01 00 00 
3355,接收,16:50:21:006,,0x18ff56f4,数据帧,扩展帧,01,03 
3356,接收,16:50:21:186,,0x081e56f4,数据帧,扩展帧,04,00 01 00 00 
3357,接收,16:50:21:256,,0x18ff56f4,数据帧,扩展帧,01,03 
3358,接收,16:50:21:436,,0x081e56f4,数据帧,扩展帧,04,00 01 00 00 
3359,接收,16:50:21:506,,0x18ff56f4,数据帧,扩展帧,01,03 
3360,接收,16:50:21:686,,0x081e56f4,数据帧,扩展帧,04,00 01 00 00 
3361,接收,16:50:21:757,,0x18ff56f4,数据帧,扩展帧,01,03 
3362,接收,16:50:21:937,,0x081e56f4,数据帧,扩展帧,04,00 01 00 00 
3363,接收,16:50:22:007,,0x18ff56f4,数据帧,扩展帧,01,03 
3364,接收,16:50:22:187,,0x081e56f4,数据帧,扩展帧,04,00 01 00 00 
3365,接收,16:50:22:257,,0x18ff56f4,数据帧,扩展帧,01,03 
3366,接收,16:50:22:437,,0x081e56f4,数据帧,扩展帧,04,00 01 00 00 
3367,接收,16:50:22:507,,0x18ff56f4,数据帧,扩展帧,01,03 
3368,接收,16:50:22:687,,0x081e56f4,数据帧,扩展帧,04,00 01 00 00 
3369,接收,16:50:22:758,,0x18ff56f4,数据帧,扩展帧,01,03 
3370,接收,16:50:22:938,,0x081e56f4,数据帧,扩展帧,04,00 01 00 00 
3371,接收,16:50:23:008,,0x18ff56f4,数据帧,扩展帧,01,03 
3372,接收,16:50:23:178,,0x081e56f4,数据帧,扩展帧,04,00 01 00 00 
3373,接收,16:50:23:258,,0x18ff56f4,数据帧,扩展帧,01,03 
3374,接收,16:50:23:428,,0x081e56f4,数据帧,扩展帧,04,00 01 00 00 
3375,接收,16:50:23:508,,0x18ff56f4,数据帧,扩展帧,01,03 
3376,接收,16:50:23:678,,0x081e56f4,数据帧,扩展帧,04,00 01 00 00 
3377,接收,16:50:23:759,,0x18ff56f4,数据帧,扩展帧,01,03 
3378,接收,16:50:23:929,,0x081e56f4,数据帧,扩展帧,04,00 01 00 00 
3379,接收,16:50:24:009,,0x18ff56f4,数据帧,扩展帧,01,03 
3380,接收,16:50:24:179,,0x081e56f4,数据帧,扩展帧,04,00 01 00 00 
3381,接收,16:50:24:259,,0x18ff56f4,数据帧,扩展帧,01,03 
3382,接收,16:50:24:429,,0x081e56f4,数据帧,扩展帧,04,00 01 00 00 
3383,接收,16:50:24:509,,0x18ff56f4,数据帧,扩展帧,01,03 
3384,接收,16:50:24:679,,0x081e56f4,数据帧,扩展帧,04,00 01 00 00 
3385,接收,16:50:24:761,,0x18ff56f4,数据帧,扩展帧,01,03 
3386,接收,16:50:24:931,,0x081e56f4,数据帧,扩展帧,04,00 01 00 00 
3387,接收,16:50:25:011,,0x18ff56f4,数据帧,扩展帧,01,03 
3388,接收,16:50:25:181,,0x081e56f4,数据帧,扩展帧,04,00 01 00 00 
3389,接收,16:50:25:261,,0x18ff56f4,数据帧,扩展帧,01,03 
3390,接收,16:50:25:431,,0x081e56f4,数据帧,扩展帧,04,00 01 00 00 
3391,接收,16:50:25:511,,0x18ff56f4,数据帧,扩展帧,01,03 
3392,接收,16:50:25:681,,0x081e56f4,数据帧,扩展帧,04,00 01 00 00 
3393,接收,16:50:25:756,,0x18ff56f4,数据帧,扩展帧,01,03 
3394,接收,16:50:25:936,,0x081e56f4,数据帧,扩展帧,04,00 01 00 00 
3395,接收,16:50:26:006,,0x18ff56f4,数据帧,扩展帧,01,03 
3396,接收,16:50:26:186,,0x081e56f4,数据帧,扩展帧,04,00 01 00 00 
3397,接收,16:50:26:256,,0x18ff56f4,数据帧,扩展帧,01,03 
3398,接收,16:50:26:436,,0x081e56f4,数据帧,扩展帧,04,00 01 00 00 
3399,接收,16:50:26:506,,0x18ff56f4,数据帧,扩展帧,01,03 
3400,接收,16:50:26:686,,0x081e56f4,数据帧,扩展帧,04,00 01 00 00 
3401,接收,16:50:26:757,,0x18ff56f4,数据帧,扩展帧,01,03 
3402,接收,16:50:26:937,,0x081e56f4,数据帧,扩展帧,04,00 01 00 00 
3403,接收,16:50:27:007,,0x18ff56f4,数据帧,扩展帧,01,03 
3404,接收,16:50:27:187,,0x081e56f4,数据帧,扩展帧,04,00 01 00 00 
3405,接收,16:50:27:257,,0x18ff56f4,数据帧,扩展帧,01,03 
3406,接收,16:50:27:437,,0x081e56f4,数据帧,扩展帧,04,00 01 00 00 
3407,接收,16:50:27:507,,0x18ff56f4,数据帧,扩展帧,01,03 
3408,接收,16:50:27:687,,0x081e56f4,数据帧,扩展帧,04,00 01 00 00 
3409,接收,16:50:27:759,,0x18ff56f4,数据帧,扩展帧,01,03 
3410,接收,16:50:27:929,,0x081e56f4,数据帧,扩展帧,04,00 01 00 00 
3411,接收,16:50:28:009,,0x18ff56f4,数据帧,扩展帧,01,03 
3412,接收,16:50:28:179,,0x081e56f4,数据帧,扩展帧,04,00 01 00 00 
3413,接收,16:50:28:259,,0x18ff56f4,数据帧,扩展帧,01,03 
3414,接收,16:50:28:429,,0x081e56f4,数据帧,扩展帧,04,00 01 00 00 
3415,接收,16:50:28:509,,0x18ff56f4,数据帧,扩展帧,01,03 
3416,接收,16:50:28:679,,0x081e56f4,数据帧,扩展帧,04,00 01 00 00 
3417,接收,16:50:28:754,,0x18ff56f4,数据帧,扩展帧,01,03 
3418,接收,16:50:28:934,,0x081e56f4,数据帧,扩展帧,04,00 01 00 00 
3419,接收,16:50:29:004,,0x18ff56f4,数据帧,扩展帧,01,03 
3420,接收,16:50:29:184,,0x081e56f4,数据帧,扩展帧,04,00 01 00 00 
3421,接收,16:50:29:254,,0x18ff56f4,数据帧,扩展帧,01,03 
3422,接收,16:50:29:434,,0x081e56f4,数据帧,扩展帧,04,00 01 00 00 
3423,接收,16:50:29:504,,0x18ff56f4,数据帧,扩展帧,01,03 
3424,接收,16:50:29:684,,0x081e56f4,数据帧,扩展帧,04,00 01 00 00 
3425,接收,16:50:29:755,,0x18ff56f4,数据帧,扩展帧,01,03 
3426,接收,16:50:29:935,,0x081e56f4,数据帧,扩展帧,04,00 01 00 00 
3427,接收,16:50:30:005,,0x18ff56f4,数据帧,扩展帧,01,03 
3428,接收,16:50:30:185,,0x081e56f4,数据帧,扩展帧,04,00 01 00 00 
3429,接收,16:50:30:255,,0x18ff56f4,数据帧,扩展帧,01,03 
3430,接收,16:50:30:435,,0x081e56f4,数据帧,扩展帧,04,00 01 00 00 
3431,接收,16:50:30:505,,0x18ff56f4,数据帧,扩展帧,01,03 
3432,接收,16:50:30:685,,0x081e56f4,数据帧,扩展帧,04,00 01 00 00 
3433,接收,16:50:30:758,,0x18ff56f4,数据帧,扩展帧,01,03 
3434,接收,16:50:30:938,,0x081e56f4,数据帧,扩展帧,04,00 01 00 00 
3435,接收,16:50:31:008,,0x18ff56f4,数据帧,扩展帧,01,03 
3436,接收,16:50:31:188,,0x081e56f4,数据帧,扩展帧,04,00 01 00 00 
3437,接收,16:50:31:258,,0x18ff56f4,数据帧,扩展帧,01,03 
3438,接收,16:50:31:438,,0x081e56f4,数据帧,扩展帧,04,00 01 00 00 
3439,接收,16:50:31:508,,0x18ff56f4,数据帧,扩展帧,01,03 
3440,接收,16:50:31:688,,0x081e56f4,数据帧,扩展帧,04,00 01 00 00 
3441,接收,16:50:31:759,,0x18ff56f4,数据帧,扩展帧,01,03 
3442,接收,16:50:31:929,,0x081e56f4,数据帧,扩展帧,04,00 01 00 00 
3443,接收,16:50:32:009,,0x18ff56f4,数据帧,扩展帧,01,03 
3444,接收,16:50:32:179,,0x081e56f4,数据帧,扩展帧,04,00 01 00 00 
3445,接收,16:50:32:259,,0x18ff56f4,数据帧,扩展帧,01,03 
3446,接收,16:50:32:429,,0x081e56f4,数据帧,扩展帧,04,00 01 00 00 
3447,接收,16:50:32:509,,0x18ff56f4,数据帧,扩展帧,01,03 
3448,接收,16:50:32:679,,0x081e56f4,数据帧,扩展帧,04,00 01 00 00 
3449,接收,16:50:32:760,,0x18ff56f4,数据帧,扩展帧,01,03 
3450,接收,16:50:32:930,,0x081e56f4,数据帧,扩展帧,04,00 01 00 00 
3451,接收,16:50:33:010,,0x18ff56f4,数据帧,扩展帧,01,03 
3452,接收,16:50:33:180,,0x081e56f4,数据帧,扩展帧,04,00 01 00 00 
3453,接收,16:50:33:260,,0x18ff56f4,数据帧,扩展帧,01,03 
3454,接收,16:50:33:430,,0x081e56f4,数据帧,扩展帧,04,00 01 00 00 
3455,接收,16:50:33:510,,0x18ff56f4,数据帧,扩展帧,01,03 
3456,接收,16:50:33:680,,0x081e56f4,数据帧,扩展帧,04,00 01 00 00 
3457,接收,16:50:33:761,,0x18ff56f4,数据帧,扩展帧,01,03 
3458,接收,16:50:33:931,,0x081e56f4,数据帧,扩展帧,04,00 01 00 00 
3459,接收,16:50:34:011,,0x18ff56f4,数据帧,扩展帧,01,03 
3460,接收,16:50:34:181,,0x081e56f4,数据帧,扩展帧,04,00 01 00 00 
3461,接收,16:50:34:261,,0x18ff56f4,数据帧,扩展帧,01,03 
3462,接收,16:50:34:431,,0x081e56f4,数据帧,扩展帧,04,00 01 00 00 
3463,接收,16:50:34:511,,0x18ff56f4,数据帧,扩展帧,01,03 
3464,接收,16:50:34:681,,0x081e56f4,数据帧,扩展帧,04,00 01 00 00 
3465,接收,16:50:34:754,,0x18ff56f4,数据帧,扩展帧,01,03 
3466,接收,16:50:34:934,,0x081e56f4,数据帧,扩展帧,04,00 01 00 00 
3467,接收,16:50:35:004,,0x18ff56f4,数据帧,扩展帧,01,03 
3468,接收,16:50:35:184,,0x081e56f4,数据帧,扩展帧,04,00 01 00 00 
3469,接收,16:50:35:263,,0x18ff56f4,数据帧,扩展帧,01,03 
3470,接收,16:50:35:433,,0x081e56f4,数据帧,扩展帧,04,00 01 00 00 
3471,接收,16:50:35:513,,0x18ff56f4,数据帧,扩展帧,01,03 
3472,接收,16:50:35:683,,0x081e56f4,数据帧,扩展帧,04,00 01 00 00 
3473,接收,16:50:35:754,,0x18ff56f4,数据帧,扩展帧,01,03 
3474,接收,16:50:35:934,,0x081e56f4,数据帧,扩展帧,04,00 01 00 00 
3475,接收,16:50:36:004,,0x18ff56f4,数据帧,扩展帧,01,03 
3476,接收,16:50:36:184,,0x081e56f4,数据帧,扩展帧,04,00 01 00 00 
3477,接收,16:50:36:254,,0x18ff56f4,数据帧,扩展帧,01,03 
3478,接收,16:50:36:434,,0x081e56f4,数据帧,扩展帧,04,00 01 00 00 
3479,接收,16:50:36:504,,0x18ff56f4,数据帧,扩展帧,01,03 
3480,接收,16:50:36:684,,0x081e56f4,数据帧,扩展帧,04,00 01 00 00 
3481,接收,16:50:36:758,,0x18ff56f4,数据帧,扩展帧,01,03 
3482,接收,16:50:36:938,,0x081e56f4,数据帧,扩展帧,04,00 01 00 00 
3483,接收,16:50:37:008,,0x18ff56f4,数据帧,扩展帧,01,03 
3484,接收,16:50:37:188,,0x081e56f4,数据帧,扩展帧,04,00 01 00 00 
3485,接收,16:50:37:258,,0x18ff56f4,数据帧,扩展帧,01,03 
3486,接收,16:50:37:438,,0x081e56f4,数据帧,扩展帧,04,00 01 00 00 
3487,接收,16:50:37:508,,0x18ff56f4,数据帧,扩展帧,01,03 
3488,接收,16:50:37:688,,0x081e56f4,数据帧,扩展帧,04,00 01 00 00 
3489,接收,16:50:37:759,,0x18ff56f4,数据帧,扩展帧,01,03 
3490,接收,16:50:37:929,,0x081e56f4,数据帧,扩展帧,04,00 01 00 00 
3491,接收,16:50:38:009,,0x18ff56f4,数据帧,扩展帧,01,03 
3492,接收,16:50:38:179,,0x081e56f4,数据帧,扩展帧,04,00 01 00 00 
3493,接收,16:50:38:259,,0x18ff56f4,数据帧,扩展帧,01,03 
3494,接收,16:50:38:429,,0x081e56f4,数据帧,扩展帧,04,00 01 00 00 
3495,接收,16:50:38:509,,0x18ff56f4,数据帧,扩展帧,01,03 
3496,接收,16:50:38:679,,0x081e56f4,数据帧,扩展帧,04,00 01 00 00 
3497,接收,16:50:38:760,,0x18ff56f4,数据帧,扩展帧,01,03 
3498,接收,16:50:38:930,,0x081e56f4,数据帧,扩展帧,04,00 01 00 00 
3499,接收,16:50:39:010,,0x18ff56f4,数据帧,扩展帧,01,03 
3500,接收,16:50:39:180,,0x081e56f4,数据帧,扩展帧,04,00 01 00 00 
3501,接收,16:50:39:260,,0x18ff56f4,数据帧,扩展帧,01,03 
3502,接收,16:50:39:430,,0x081e56f4,数据帧,扩展帧,04,00 01 00 00 
3503,接收,16:50:39:510,,0x18ff56f4,数据帧,扩展帧,01,03 
3504,接收,16:50:39:680,,0x081e56f4,数据帧,扩展帧,04,00 01 00 00 
3505,接收,16:50:39:761,,0x18ff56f4,数据帧,扩展帧,01,03 
3506,接收,16:50:39:931,,0x081e56f4,数据帧,扩展帧,04,00 01 00 00 
3507,接收,16:50:40:011,,0x18ff56f4,数据帧,扩展帧,01,03 
3508,接收,16:50:40:181,,0x081e56f4,数据帧,扩展帧,04,00 01 00 00 
3509,接收,16:50:40:261,,0x18ff56f4,数据帧,扩展帧,01,03 
3510,接收,16:50:40:431,,0x081e56f4,数据帧,扩展帧,04,00 01 00 00 
3511,接收,16:50:40:511,,0x18ff56f4,数据帧,扩展帧,01,03 
3512,接收,16:50:40:681,,0x081e56f4,数据帧,扩展帧,04,00 01 00 00 
3513,接收,16:50:40:762,,0x18ff56f4,数据帧,扩展帧,01,03 
3514,接收,16:50:40:932,,0x081e56f4,数据帧,扩展帧,04,00 01 00 00 
3515,接收,16:50:41:012,,0x18ff56f4,数据帧,扩展帧,01,03 
3516,接收,16:50:41:182,,0x081e56f4,数据帧,扩展帧,04,00 01 00 00 
3517,接收,16:50:41:262,,0x18ff56f4,数据帧,扩展帧,01,03 
3518,接收,16:50:41:432,,0x081e56f4,数据帧,扩展帧,04,00 01 00 00 
3519,接收,16:50:41:512,,0x18ff56f4,数据帧,扩展帧,01,03 
3520,接收,16:50:41:682,,0x081e56f4,数据帧,扩展帧,04,00 01 00 00 
3521,接收,16:50:41:754,,0x18ff56f4,数据帧,扩展帧,01,03 
3522,接收,16:50:41:934,,0x081e56f4,数据帧,扩展帧,04,00 01 00 00 
3523,接收,16:50:42:004,,0x18ff56f4,数据帧,扩展帧,01,03 
3524,接收,16:50:42:184,,0x081e56f4,数据帧,扩展帧,04,00 01 00 00 
3525,接收,16:50:42:254,,0x18ff56f4,数据帧,扩展帧,01,03 
3526,接收,16:50:42:434,,0x081e56f4,数据帧,扩展帧,04,00 01 00 00 
3527,接收,16:50:42:504,,0x18ff56f4,数据帧,扩展帧,01,03 
3528,接收,16:50:42:684,,0x081e56f4,数据帧,扩展帧,04,00 01 00 00 
3529,接收,16:50:42:756,,0x18ff56f4,数据帧,扩展帧,01,03 
3530,接收,16:50:42:936,,0x081e56f4,数据帧,扩展帧,04,00 01 00 00 
3531,接收,16:50:43:006,,0x18ff56f4,数据帧,扩展帧,01,03 
3532,接收,16:50:43:186,,0x081e56f4,数据帧,扩展帧,04,00 01 00 00 
3533,接收,16:50:43:256,,0x18ff56f4,数据帧,扩展帧,01,03 
3534,接收,16:50:43:436,,0x081e56f4,数据帧,扩展帧,04,00 01 00 00 
3535,接收,16:50:43:506,,0x18ff56f4,数据帧,扩展帧,01,03 
3536,接收,16:50:43:686,,0x081e56f4,数据帧,扩展帧,04,00 01 00 00 
3537,接收,16:50:43:757,,0x18ff56f4,数据帧,扩展帧,01,03 
3538,接收,16:50:43:937,,0x081e56f4,数据帧,扩展帧,04,00 01 00 00 
3539,接收,16:50:44:007,,0x18ff56f4,数据帧,扩展帧,01,03 
3540,接收,16:50:44:187,,0x081e56f4,数据帧,扩展帧,04,00 01 00 00 
3541,接收,16:50:44:257,,0x18ff56f4,数据帧,扩展帧,01,03 
3542,接收,16:50:44:437,,0x081e56f4,数据帧,扩展帧,04,00 01 00 00 
3543,接收,16:50:44:507,,0x18ff56f4,数据帧,扩展帧,01,03 
3544,接收,16:50:44:687,,0x081e56f4,数据帧,扩展帧,04,00 01 00 00 
3545,接收,16:50:44:758,,0x18ff56f4,数据帧,扩展帧,01,03 
3546,接收,16:50:44:938,,0x081e56f4,数据帧,扩展帧,04,00 01 00 00 
3547,接收,16:50:45:008,,0x18ff56f4,数据帧,扩展帧,01,03 
3548,接收,16:50:45:188,,0x081e56f4,数据帧,扩展帧,04,00 01 00 00 
3549,接收,16:50:45:258,,0x18ff56f4,数据帧,扩展帧,01,03 
3550,接收,16:50:45:438,,0x081e56f4,数据帧,扩展帧,04,00 01 00 00 
3551,接收,16:50:45:508,,0x18ff56f4,数据帧,扩展帧,01,03 
3552,接收,16:50:45:688,,0x081e56f4,数据帧,扩展帧,04,00 01 00 00 
3553,接收,16:50:45:763,,0x18ff56f4,数据帧,扩展帧,01,03 
3554,接收,16:50:45:933,,0x081e56f4,数据帧,扩展帧,04,00 01 00 00 
3555,接收,16:50:46:013,,0x18ff56f4,数据帧,扩展帧,01,03 
3556,接收,16:50:46:183,,0x081e56f4,数据帧,扩展帧,04,00 01 00 00 
3557,接收,16:50:46:263,,0x18ff56f4,数据帧,扩展帧,01,03 
3558,接收,16:50:46:440,,0x081e56f4,数据帧,扩展帧,04,00 01 00 00 
3559,接收,16:50:46:510,,0x18ff56f4,数据帧,扩展帧,01,03 
3560,接收,16:50:46:680,,0x081e56f4,数据帧,扩展帧,04,00 01 00 00 
3561,接收,16:50:46:761,,0x18ff56f4,数据帧,扩展帧,01,03 
3562,接收,16:50:46:931,,0x081e56f4,数据帧,扩展帧,04,00 01 00 00 
3563,接收,16:50:47:011,,0x18ff56f4,数据帧,扩展帧,01,03 
3564,接收,16:50:47:181,,0x081e56f4,数据帧,扩展帧,04,00 01 00 00 
3565,接收,16:50:47:261,,0x18ff56f4,数据帧,扩展帧,01,03 
3566,接收,16:50:47:431,,0x081e56f4,数据帧,扩展帧,04,00 01 00 00 
3567,接收,16:50:47:511,,0x18ff56f4,数据帧,扩展帧,01,03 
3568,接收,16:50:47:681,,0x081e56f4,数据帧,扩展帧,04,00 01 00 00 
3569,接收,16:50:47:762,,0x18ff56f4,数据帧,扩展帧,01,03 
3570,接收,16:50:47:932,,0x081e56f4,数据帧,扩展帧,04,00 01 00 00 
3571,接收,16:50:48:012,,0x18ff56f4,数据帧,扩展帧,01,03 
3572,接收,16:50:48:182,,0x081e56f4,数据帧,扩展帧,04,00 01 00 00 
3573,接收,16:50:48:262,,0x18ff56f4,数据帧,扩展帧,01,03 
3574,接收,16:50:48:432,,0x081e56f4,数据帧,扩展帧,04,00 01 00 00 
3575,接收,16:50:48:512,,0x18ff56f4,数据帧,扩展帧,01,03 
3576,接收,16:50:48:682,,0x081e56f4,数据帧,扩展帧,04,00 01 00 00 
3577,接收,16:50:48:763,,0x18ff56f4,数据帧,扩展帧,01,03 
3578,接收,16:50:48:933,,0x081e56f4,数据帧,扩展帧,04,00 01 00 00 
3579,接收,16:50:49:013,,0x18ff56f4,数据帧,扩展帧,01,03 
3580,接收,16:50:49:183,,0x081e56f4,数据帧,扩展帧,04,00 01 00 00 
3581,接收,16:50:49:263,,0x18ff56f4,数据帧,扩展帧,01,03 
3582,接收,16:50:49:433,,0x081e56f4,数据帧,扩展帧,04,00 01 00 00 
3583,接收,16:50:49:513,,0x18ff56f4,数据帧,扩展帧,01,03 
3584,接收,16:50:49:683,,0x081e56f4,数据帧,扩展帧,04,00 01 00 00 
3585,接收,16:50:49:757,,0x18ff56f4,数据帧,扩展帧,01,03 
3586,接收,16:50:49:937,,0x081e56f4,数据帧,扩展帧,04,00 01 00 00 
3587,接收,16:50:50:007,,0x18ff56f4,数据帧,扩展帧,01,03 
3588,接收,16:50:50:187,,0x081e56f4,数据帧,扩展帧,04,00 01 00 00 
3589,接收,16:50:50:257,,0x18ff56f4,数据帧,扩展帧,01,03 
3590,接收,16:50:50:437,,0x081e56f4,数据帧,扩展帧,04,00 01 00 00 
3591,接收,16:50:50:507,,0x18ff56f4,数据帧,扩展帧,01,03 
3592,接收,16:50:50:687,,0x081e56f4,数据帧,扩展帧,04,00 01 00 00 
3593,接收,16:50:50:758,,0x18ff56f4,数据帧,扩展帧,01,03 
3594,接收,16:50:50:938,,0x081e56f4,数据帧,扩展帧,04,00 01 00 00 
3595,接收,16:50:51:008,,0x18ff56f4,数据帧,扩展帧,01,03 
3596,接收,16:50:51:188,,0x081e56f4,数据帧,扩展帧,04,00 01 00 00 
3597,接收,16:50:51:258,,0x18ff56f4,数据帧,扩展帧,01,03 
3598,接收,16:50:51:438,,0x081e56f4,数据帧,扩展帧,04,00 01 00 00 
3599,接收,16:50:51:509,,0x18ff56f4,数据帧,扩展帧,01,03 
3600,接收,16:50:51:689,,0x081e56f4,数据帧,扩展帧,04,00 01 00 00 
3601,接收,16:50:51:763,,0x18ff56f4,数据帧,扩展帧,01,03 
3602,接收,16:50:51:933,,0x081e56f4,数据帧,扩展帧,04,00 01 00 00 
3603,接收,16:50:52:013,,0x18ff56f4,数据帧,扩展帧,01,03 
3604,接收,16:50:52:183,,0x081e56f4,数据帧,扩展帧,04,00 01 00 00 
3605,接收,16:50:52:263,,0x18ff56f4,数据帧,扩展帧,01,03 
3606,接收,16:50:52:433,,0x081e56f4,数据帧,扩展帧,04,00 01 00 00 
3607,接收,16:50:52:513,,0x18ff56f4,数据帧,扩展帧,01,03 
3608,接收,16:50:52:683,,0x081e56f4,数据帧,扩展帧,04,00 01 00 00 
3609,接收,16:50:52:754,,0x18ff56f4,数据帧,扩展帧,01,03 
3610,接收,16:50:52:934,,0x081e56f4,数据帧,扩展帧,04,00 01 00 00 
3611,接收,16:50:53:004,,0x18ff56f4,数据帧,扩展帧,01,03 
3612,接收,16:50:53:184,,0x081e56f4,数据帧,扩展帧,04,00 01 00 00 
3613,接收,16:50:53:254,,0x18ff56f4,数据帧,扩展帧,01,03 
3614,接收,16:50:53:434,,0x081e56f4,数据帧,扩展帧,04,00 01 00 00 
3615,接收,16:50:53:504,,0x18ff56f4,数据帧,扩展帧,01,03 
3616,接收,16:50:53:684,,0x081e56f4,数据帧,扩展帧,04,00 01 00 00 
3617,接收,16:50:53:755,,0x18ff56f4,数据帧,扩展帧,01,03 
3618,接收,16:50:53:936,,0x081e56f4,数据帧,扩展帧,04,00 01 00 00 
3619,接收,16:50:54:006,,0x18ff56f4,数据帧,扩展帧,01,03 
3620,接收,16:50:54:186,,0x081e56f4,数据帧,扩展帧,04,00 01 00 00 
3621,接收,16:50:54:256,,0x18ff56f4,数据帧,扩展帧,01,03 
3622,接收,16:50:54:436,,0x081e56f4,数据帧,扩展帧,04,00 01 00 00 
3623,接收,16:50:54:506,,0x18ff56f4,数据帧,扩展帧,01,03 
3624,接收,16:50:54:686,,0x081e56f4,数据帧,扩展帧,04,00 01 00 00 
3625,接收,16:50:54:757,,0x18ff56f4,数据帧,扩展帧,01,03 
3626,接收,16:50:54:937,,0x081e56f4,数据帧,扩展帧,04,00 01 00 00 
3627,接收,16:50:55:007,,0x18ff56f4,数据帧,扩展帧,01,03 
3628,接收,16:50:55:187,,0x081e56f4,数据帧,扩展帧,04,00 01 00 00 
3629,接收,16:50:55:257,,0x18ff56f4,数据帧,扩展帧,01,03 
3630,接收,16:50:55:437,,0x081e56f4,数据帧,扩展帧,04,00 01 00 00 
3631,接收,16:50:55:507,,0x18ff56f4,数据帧,扩展帧,01,03 
3632,接收,16:50:55:687,,0x081e56f4,数据帧,扩展帧,04,00 01 00 00 
3633,接收,16:50:55:759,,0x18ff56f4,数据帧,扩展帧,01,03 
3634,接收,16:50:55:939,,0x081e56f4,数据帧,扩展帧,04,00 01 00 00 
3635,接收,16:50:56:009,,0x18ff56f4,数据帧,扩展帧,01,03 
3636,接收,16:50:56:189,,0x081e56f4,数据帧,扩展帧,04,00 01 00 00 
3637,接收,16:50:56:259,,0x18ff56f4,数据帧,扩展帧,01,03 
3638,接收,16:50:56:429,,0x081e56f4,数据帧,扩展帧,04,00 01 00 00 
3639,接收,16:50:56:509,,0x18ff56f4,数据帧,扩展帧,01,03 
3640,接收,16:50:56:689,,0x081e56f4,数据帧,扩展帧,04,00 01 00 00 
3641,接收,16:50:56:755,,0x18ff56f4,数据帧,扩展帧,01,03 
3642,接收,16:50:56:935,,0x081e56f4,数据帧,扩展帧,04,00 01 00 00 
3643,接收,16:50:57:005,,0x18ff56f4,数据帧,扩展帧,01,03 
3644,接收,16:50:57:185,,0x081e56f4,数据帧,扩展帧,04,00 01 00 00 
3645,接收,16:50:57:255,,0x18ff56f4,数据帧,扩展帧,01,03 
3646,接收,16:50:57:435,,0x081e56f4,数据帧,扩展帧,04,00 01 00 00 
3647,接收,16:50:57:505,,0x18ff56f4,数据帧,扩展帧,01,03 
3648,接收,16:50:57:685,,0x081e56f4,数据帧,扩展帧,04,00 01 00 00 
3649,接收,16:50:57:756,,0x18ff56f4,数据帧,扩展帧,01,03 
3650,接收,16:50:57:936,,0x081e56f4,数据帧,扩展帧,04,00 01 00 00 
3651,接收,16:50:58:006,,0x18ff56f4,数据帧,扩展帧,01,03 
3652,接收,16:50:58:186,,0x081e56f4,数据帧,扩展帧,04,00 01 00 00 
3653,接收,16:50:58:256,,0x18ff56f4,数据帧,扩展帧,01,03 
3654,接收,16:50:58:436,,0x081e56f4,数据帧,扩展帧,04,00 01 00 00 
3655,接收,16:50:58:506,,0x18ff56f4,数据帧,扩展帧,01,03 
3656,接收,16:50:58:686,,0x081e56f4,数据帧,扩展帧,04,00 01 00 00 
3657,接收,16:50:58:757,,0x18ff56f4,数据帧,扩展帧,01,03 
3658,接收,16:50:58:937,,0x081e56f4,数据帧,扩展帧,04,00 01 00 00 
3659,接收,16:50:59:007,,0x18ff56f4,数据帧,扩展帧,01,03 
3660,接收,16:50:59:187,,0x081e56f4,数据帧,扩展帧,04,00 01 00 00 
3661,接收,16:50:59:257,,0x18ff56f4,数据帧,扩展帧,01,03 
3662,接收,16:50:59:437,,0x081e56f4,数据帧,扩展帧,04,00 01 00 00 
3663,接收,16:50:59:507,,0x18ff56f4,数据帧,扩展帧,01,03 
3664,接收,16:50:59:687,,0x081e56f4,数据帧,扩展帧,04,00 01 00 00 
3665,接收,16:50:59:759,,0x18ff56f4,数据帧,扩展帧,01,03 
3666,接收,16:50:59:939,,0x081e56f4,数据帧,扩展帧,04,00 01 00 00 
3667,接收,16:51:00:009,,0x18ff56f4,数据帧,扩展帧,01,03 
3668,接收,16:51:00:189,,0x081e56f4,数据帧,扩展帧,04,00 01 00 00 
3669,接收,16:51:00:259,,0x18ff56f4,数据帧,扩展帧,01,03 
3670,接收,16:51:00:439,,0x081e56f4,数据帧,扩展帧,04,00 01 00 00 
3671,接收,16:51:00:509,,0x18ff56f4,数据帧,扩展帧,01,03 
3672,接收,16:51:00:689,,0x081e56f4,数据帧,扩展帧,04,00 01 00 00 
3673,接收,16:51:00:760,,0x18ff56f4,数据帧,扩展帧,01,03 
3674,接收,16:51:00:940,,0x081e56f4,数据帧,扩展帧,04,00 01 00 00 
3675,接收,16:51:01:010,,0x18ff56f4,数据帧,扩展帧,01,03 
3676,接收,16:51:01:180,,0x081e56f4,数据帧,扩展帧,04,00 01 00 00 
3677,接收,16:51:01:260,,0x18ff56f4,数据帧,扩展帧,01,03 
3678,接收,16:51:01:430,,0x081e56f4,数据帧,扩展帧,04,00 01 00 00 
3679,接收,16:51:01:510,,0x18ff56f4,数据帧,扩展帧,01,03 
3680,接收,16:51:01:680,,0x081e56f4,数据帧,扩展帧,04,00 01 00 00 
3681,接收,16:51:01:761,,0x18ff56f4,数据帧,扩展帧,01,03 
3682,接收,16:51:01:931,,0x081e56f4,数据帧,扩展帧,04,00 01 00 00 
3683,接收,16:51:02:011,,0x18ff56f4,数据帧,扩展帧,01,03 
3684,接收,16:51:02:181,,0x081e56f4,数据帧,扩展帧,04,00 01 00 00 
3685,接收,16:51:02:261,,0x18ff56f4,数据帧,扩展帧,01,03 
3686,接收,16:51:02:431,,0x081e56f4,数据帧,扩展帧,04,00 01 00 00 
3687,接收,16:51:02:511,,0x18ff56f4,数据帧,扩展帧,01,03 
3688,接收,16:51:02:681,,0x081e56f4,数据帧,扩展帧,04,00 01 00 00 
3689,接收,16:51:02:764,,0x18ff56f4,数据帧,扩展帧,01,03 
3690,接收,16:51:02:934,,0x081e56f4,数据帧,扩展帧,04,00 01 00 00 
3691,接收,16:51:03:014,,0x18ff56f4,数据帧,扩展帧,01,03 
3692,接收,16:51:03:184,,0x081e56f4,数据帧,扩展帧,04,00 01 00 00 
3693,接收,16:51:03:264,,0x18ff56f4,数据帧,扩展帧,01,03 
3694,接收,16:51:03:434,,0x081e56f4,数据帧,扩展帧,04,00 01 00 00 
3695,接收,16:51:03:514,,0x18ff56f4,数据帧,扩展帧,01,03 
3696,接收,16:51:03:684,,0x081e56f4,数据帧,扩展帧,04,00 01 00 00 
3697,接收,16:51:03:755,,0x18ff56f4,数据帧,扩展帧,01,03 
3698,接收,16:51:03:935,,0x081e56f4,数据帧,扩展帧,04,00 01 00 00 
3699,接收,16:51:04:005,,0x18ff56f4,数据帧,扩展帧,01,03 
3700,接收,16:51:04:185,,0x081e56f4,数据帧,扩展帧,04,00 01 00 00 
3701,接收,16:51:04:255,,0x18ff56f4,数据帧,扩展帧,01,03 
3702,接收,16:51:04:435,,0x081e56f4,数据帧,扩展帧,04,00 01 00 00 
3703,接收,16:51:04:505,,0x18ff56f4,数据帧,扩展帧,01,03 
3704,接收,16:51:04:685,,0x081e56f4,数据帧,扩展帧,04,00 01 00 00 
3705,接收,16:51:04:757,,0x18ff56f4,数据帧,扩展帧,01,03 
3706,接收,16:51:04:937,,0x081e56f4,数据帧,扩展帧,04,00 01 00 00 
3707,接收,16:51:05:007,,0x18ff56f4,数据帧,扩展帧,01,03 
3708,接收,16:51:05:187,,0x081e56f4,数据帧,扩展帧,04,00 01 00 00 
3709,接收,16:51:05:257,,0x18ff56f4,数据帧,扩展帧,01,03 
3710,接收,16:51:05:437,,0x081e56f4,数据帧,扩展帧,04,00 01 00 00 
3711,接收,16:51:05:507,,0x18ff56f4,数据帧,扩展帧,01,03 
3712,接收,16:51:05:687,,0x081e56f4,数据帧,扩展帧,04,00 01 00 00 
3713,接收,16:51:05:759,,0x18ff56f4,数据帧,扩展帧,01,03 
3714,接收,16:51:05:929,,0x081e56f4,数据帧,扩展帧,04,00 01 00 00 
3715,接收,16:51:06:009,,0x18ff56f4,数据帧,扩展帧,01,03 
3716,接收,16:51:06:189,,0x081e56f4,数据帧,扩展帧,04,00 01 00 00 
3717,接收,16:51:06:259,,0x18ff56f4,数据帧,扩展帧,01,03 
3718,接收,16:51:06:439,,0x081e56f4,数据帧,扩展帧,04,00 01 00 00 
3719,接收,16:51:06:509,,0x18ff56f4,数据帧,扩展帧,01,03 
3720,接收,16:51:06:689,,0x081e56f4,数据帧,扩展帧,04,00 01 00 00 
3721,接收,16:51:06:765,,0x18ff56f4,数据帧,扩展帧,01,03 
3722,接收,16:51:06:935,,0x081e56f4,数据帧,扩展帧,04,00 01 00 00 
3723,接收,16:51:07:005,,0x18ff56f4,数据帧,扩展帧,01,03 
3724,接收,16:51:07:185,,0x081e56f4,数据帧,扩展帧,04,00 01 00 00 
3725,接收,16:51:07:255,,0x18ff56f4,数据帧,扩展帧,01,03 
3726,接收,16:51:07:435,,0x081e56f4,数据帧,扩展帧,04,00 01 00 00 
3727,接收,16:51:07:515,,0x18ff56f4,数据帧,扩展帧,01,03 
3728,接收,16:51:07:685,,0x081e56f4,数据帧,扩展帧,04,00 01 00 00 
3729,接收,16:51:07:762,,0x18ff56f4,数据帧,扩展帧,01,03 
3730,接收,16:51:07:932,,0x081e56f4,数据帧,扩展帧,04,00 01 00 00 
3731,接收,16:51:08:012,,0x18ff56f4,数据帧,扩展帧,01,03 
3732,接收,16:51:08:182,,0x081e56f4,数据帧,扩展帧,04,00 01 00 00 
3733,接收,16:51:08:262,,0x18ff56f4,数据帧,扩展帧,01,03 
3734,接收,16:51:08:432,,0x081e56f4,数据帧,扩展帧,04,00 01 00 00 
3735,接收,16:51:08:512,,0x18ff56f4,数据帧,扩展帧,01,03 
3736,接收,16:51:08:682,,0x081e56f4,数据帧,扩展帧,04,00 01 00 00 
3737,接收,16:51:08:763,,0x18ff56f4,数据帧,扩展帧,01,03 
3738,接收,16:51:08:933,,0x081e56f4,数据帧,扩展帧,04,00 01 00 00 
3739,接收,16:51:09:013,,0x18ff56f4,数据帧,扩展帧,01,03 
3740,接收,16:51:09:183,,0x081e56f4,数据帧,扩展帧,04,00 01 00 00 
3741,接收,16:51:09:263,,0x18ff56f4,数据帧,扩展帧,01,03 
3742,接收,16:51:09:433,,0x081e56f4,数据帧,扩展帧,04,00 01 00 00 
3743,接收,16:51:09:513,,0x18ff56f4,数据帧,扩展帧,01,03 
3744,接收,16:51:09:683,,0x081e56f4,数据帧,扩展帧,04,00 01 00 00 
3745,接收,16:51:09:758,,0x18ff56f4,数据帧,扩展帧,01,03 
3746,接收,16:51:09:938,,0x081e56f4,数据帧,扩展帧,04,00 01 00 00 
3747,接收,16:51:10:008,,0x18ff56f4,数据帧,扩展帧,01,03 
3748,接收,16:51:10:188,,0x081e56f4,数据帧,扩展帧,04,00 01 00 00 
3749,接收,16:51:10:258,,0x18ff56f4,数据帧,扩展帧,01,03 
3750,接收,16:51:10:436,,0x081e56f4,数据帧,扩展帧,04,00 01 00 00 
3751,接收,16:51:10:506,,0x18ff56f4,数据帧,扩展帧,01,03 
3752,接收,16:51:10:686,,0x081e56f4,数据帧,扩展帧,04,00 01 00 00 
3753,接收,16:51:10:757,,0x18ff56f4,数据帧,扩展帧,01,03 
3754,接收,16:51:10:937,,0x081e56f4,数据帧,扩展帧,04,00 01 00 00 
3755,接收,16:51:11:007,,0x18ff56f4,数据帧,扩展帧,01,03 
3756,接收,16:51:11:187,,0x081e56f4,数据帧,扩展帧,04,00 01 00 00 
3757,接收,16:51:11:257,,0x18ff56f4,数据帧,扩展帧,01,03 
3758,接收,16:51:11:437,,0x081e56f4,数据帧,扩展帧,04,00 01 00 00 
3759,接收,16:51:11:507,,0x18ff56f4,数据帧,扩展帧,01,03 
3760,接收,16:51:11:688,,0x081e56f4,数据帧,扩展帧,04,00 01 00 00 
3761,接收,16:51:11:758,,0x18ff56f4,数据帧,扩展帧,01,03 
3762,接收,16:51:11:938,,0x081e56f4,数据帧,扩展帧,04,00 01 00 00 
3763,接收,16:51:12:009,,0x18ff56f4,数据帧,扩展帧,01,03 
3764,接收,16:51:12:189,,0x081e56f4,数据帧,扩展帧,04,00 01 00 00 
3765,接收,16:51:12:259,,0x18ff56f4,数据帧,扩展帧,01,03 
3766,接收,16:51:12:439,,0x081e56f4,数据帧,扩展帧,04,00 01 00 00 
3767,接收,16:51:12:509,,0x18ff56f4,数据帧,扩展帧,01,03 
3768,接收,16:51:12:689,,0x081e56f4,数据帧,扩展帧,04,00 01 00 00 
3769,接收,16:51:12:760,,0x18ff56f4,数据帧,扩展帧,01,03 
3770,接收,16:51:12:940,,0x081e56f4,数据帧,扩展帧,04,00 01 00 00 
3771,接收,16:51:13:010,,0x18ff56f4,数据帧,扩展帧,01,03 
3772,接收,16:51:13:190,,0x081e56f4,数据帧,扩展帧,04,00 01 00 00 
3773,接收,16:51:13:260,,0x18ff56f4,数据帧,扩展帧,01,03 
3774,接收,16:51:13:440,,0x081e56f4,数据帧,扩展帧,04,00 01 00 00 
3775,接收,16:51:13:510,,0x18ff56f4,数据帧,扩展帧,01,03 
3776,接收,16:51:13:690,,0x081e56f4,数据帧,扩展帧,04,00 01 00 00 
3777,接收,16:51:13:761,,0x18ff56f4,数据帧,扩展帧,01,03 
3778,接收,16:51:13:931,,0x081e56f4,数据帧,扩展帧,04,00 01 00 00 
3779,接收,16:51:14:011,,0x18ff56f4,数据帧,扩展帧,01,03 
3780,接收,16:51:14:181,,0x081e56f4,数据帧,扩展帧,04,00 01 00 00 
3781,接收,16:51:14:261,,0x18ff56f4,数据帧,扩展帧,01,03 
3782,接收,16:51:14:431,,0x081e56f4,数据帧,扩展帧,04,00 01 00 00 
3783,接收,16:51:14:511,,0x18ff56f4,数据帧,扩展帧,01,03 
3784,接收,16:51:14:681,,0x081e56f4,数据帧,扩展帧,04,00 01 00 00 
3785,接收,16:51:14:762,,0x18ff56f4,数据帧,扩展帧,01,03 
3786,接收,16:51:14:932,,0x081e56f4,数据帧,扩展帧,04,00 01 00 00 
3787,接收,16:51:15:012,,0x18ff56f4,数据帧,扩展帧,01,03 
3788,接收,16:51:15:182,,0x081e56f4,数据帧,扩展帧,04,00 01 00 00 
3789,接收,16:51:15:262,,0x18ff56f4,数据帧,扩展帧,01,03 
3790,接收,16:51:15:432,,0x081e56f4,数据帧,扩展帧,04,00 01 00 00 
3791,接收,16:51:15:512,,0x18ff56f4,数据帧,扩展帧,01,03 
3792,接收,16:51:15:682,,0x081e56f4,数据帧,扩展帧,04,00 01 00 00 
3793,接收,16:51:15:763,,0x18ff56f4,数据帧,扩展帧,01,03 
3794,接收,16:51:15:933,,0x081e56f4,数据帧,扩展帧,04,00 01 00 00 
3795,接收,16:51:16:013,,0x18ff56f4,数据帧,扩展帧,01,03 
3796,接收,16:51:16:183,,0x081e56f4,数据帧,扩展帧,04,00 01 00 00 
3797,接收,16:51:16:263,,0x18ff56f4,数据帧,扩展帧,01,03 
3798,接收,16:51:16:433,,0x081e56f4,数据帧,扩展帧,04,00 01 00 00 
3799,接收,16:51:16:513,,0x18ff56f4,数据帧,扩展帧,01,03 
3800,接收,16:51:16:683,,0x081e56f4,数据帧,扩展帧,04,00 01 00 00 
3801,接收,16:51:16:755,,0x18ff56f4,数据帧,扩展帧,01,03 
3802,接收,16:51:16:935,,0x081e56f4,数据帧,扩展帧,04,00 01 00 00 
3803,接收,16:51:17:005,,0x18ff56f4,数据帧,扩展帧,01,03 
3804,接收,16:51:17:185,,0x081e56f4,数据帧,扩展帧,04,00 01 00 00 
3805,接收,16:51:17:255,,0x18ff56f4,数据帧,扩展帧,01,03 
3806,接收,16:51:17:435,,0x081e56f4,数据帧,扩展帧,04,00 01 00 00 
3807,接收,16:51:17:505,,0x18ff56f4,数据帧,扩展帧,01,03 
3808,接收,16:51:17:685,,0x081e56f4,数据帧,扩展帧,04,00 01 00 00 
3809,接收,16:51:17:757,,0x18ff56f4,数据帧,扩展帧,01,03 
3810,接收,16:51:17:937,,0x081e56f4,数据帧,扩展帧,04,00 01 00 00 
3811,接收,16:51:18:007,,0x18ff56f4,数据帧,扩展帧,01,03 
3812,接收,16:51:18:187,,0x081e56f4,数据帧,扩展帧,04,00 01 00 00 
3813,接收,16:51:18:257,,0x18ff56f4,数据帧,扩展帧,01,03 
3814,接收,16:51:18:431,,0x081e56f4,数据帧,扩展帧,04,00 01 00 00 
3815,接收,16:51:18:511,,0x18ff56f4,数据帧,扩展帧,01,03 
3816,接收,16:51:18:681,,0x081e56f4,数据帧,扩展帧,04,00 01 00 00 
3817,接收,16:51:18:763,,0x18ff56f4,数据帧,扩展帧,01,03 
3818,接收,16:51:18:933,,0x081e56f4,数据帧,扩展帧,04,00 01 00 00 
3819,接收,16:51:19:014,,0x18ff56f4,数据帧,扩展帧,01,03 
3820,接收,16:51:19:184,,0x081e56f4,数据帧,扩展帧,04,00 01 00 00 
3821,接收,16:51:19:263,,0x18ff56f4,数据帧,扩展帧,01,03 
3822,接收,16:51:19:434,,0x081e56f4,数据帧,扩展帧,04,00 01 00 00 
3823,接收,16:51:19:514,,0x18ff56f4,数据帧,扩展帧,01,03 
3824,接收,16:51:19:684,,0x081e56f4,数据帧,扩展帧,04,00 01 00 00 
3825,接收,16:51:19:764,,0x18ff56f4,数据帧,扩展帧,01,03 
3826,接收,16:51:19:934,,0x081e56f4,数据帧,扩展帧,04,00 01 00 00 
3827,接收,16:51:20:014,,0x18ff56f4,数据帧,扩展帧,01,03 
3828,接收,16:51:20:184,,0x081e56f4,数据帧,扩展帧,04,00 01 00 00 
3829,接收,16:51:20:265,,0x18ff56f4,数据帧,扩展帧,01,03 
3830,接收,16:51:20:435,,0x081e56f4,数据帧,扩展帧,04,00 01 00 00 
3831,接收,16:51:20:502,,0x18ff56f4,数据帧,扩展帧,01,03 
3832,接收,16:51:20:684,,0x081e56f4,数据帧,扩展帧,04,00 01 00 00 
3833,接收,16:51:20:765,,0x18ff56f4,数据帧,扩展帧,01,03 
3834,接收,16:51:20:935,,0x081e56f4,数据帧,扩展帧,04,00 01 00 00 
3835,接收,16:51:21:015,,0x18ff56f4,数据帧,扩展帧,01,03 
3836,接收,16:51:21:185,,0x081e56f4,数据帧,扩展帧,04,00 01 00 00 
3837,接收,16:51:21:265,,0x18ff56f4,数据帧,扩展帧,01,03 
3838,接收,16:51:21:435,,0x081e56f4,数据帧,扩展帧,04,00 01 00 00 
3839,接收,16:51:21:515,,0x18ff56f4,数据帧,扩展帧,01,03 
3840,接收,16:51:21:685,,0x081e56f4,数据帧,扩展帧,04,00 01 00 00 
3841,接收,16:51:21:756,,0x18ff56f4,数据帧,扩展帧,01,03 
3842,接收,16:51:21:936,,0x081e56f4,数据帧,扩展帧,04,00 01 00 00 
3843,接收,16:51:22:006,,0x18ff56f4,数据帧,扩展帧,01,03 
3844,接收,16:51:22:186,,0x081e56f4,数据帧,扩展帧,04,00 01 00 00 
3845,接收,16:51:22:256,,0x18ff56f4,数据帧,扩展帧,01,03 
3846,接收,16:51:22:436,,0x081e56f4,数据帧,扩展帧,04,00 01 00 00 
3847,接收,16:51:22:506,,0x18ff56f4,数据帧,扩展帧,01,03 
3848,接收,16:51:22:686,,0x081e56f4,数据帧,扩展帧,04,00 01 00 00 
3849,接收,16:51:22:761,,0x18ff56f4,数据帧,扩展帧,01,03 
3850,接收,16:51:22:931,,0x081e56f4,数据帧,扩展帧,04,00 01 00 00 
3851,接收,16:51:23:011,,0x18ff56f4,数据帧,扩展帧,01,03 
3852,接收,16:51:23:181,,0x081e56f4,数据帧,扩展帧,04,00 01 00 00 
3853,接收,16:51:23:261,,0x18ff56f4,数据帧,扩展帧,01,03 
3854,接收,16:51:23:431,,0x081e56f4,数据帧,扩展帧,04,00 01 00 00 
3855,接收,16:51:23:511,,0x18ff56f4,数据帧,扩展帧,01,03 
3856,接收,16:51:23:681,,0x081e56f4,数据帧,扩展帧,04,00 01 00 00 
3857,接收,16:51:23:765,,0x18ff56f4,数据帧,扩展帧,01,03 
3858,接收,16:51:23:935,,0x081e56f4,数据帧,扩展帧,04,00 01 00 00 
3859,接收,16:51:24:015,,0x18ff56f4,数据帧,扩展帧,01,03 
3860,接收,16:51:24:185,,0x081e56f4,数据帧,扩展帧,04,00 01 00 00 
3861,接收,16:51:24:265,,0x18ff56f4,数据帧,扩展帧,01,03 
3862,接收,16:51:24:435,,0x081e56f4,数据帧,扩展帧,04,00 01 00 00 
3863,接收,16:51:24:515,,0x18ff56f4,数据帧,扩展帧,01,03 
3864,接收,16:51:24:685,,0x081e56f4,数据帧,扩展帧,04,00 01 00 00 
3865,接收,16:51:24:758,,0x18ff56f4,数据帧,扩展帧,01,03 
3866,接收,16:51:24:938,,0x081e56f4,数据帧,扩展帧,04,00 01 00 00 
3867,接收,16:51:25:008,,0x18ff56f4,数据帧,扩展帧,01,03 
3868,接收,16:51:25:188,,0x081e56f4,数据帧,扩展帧,04,00 01 00 00 
3869,接收,16:51:25:258,,0x18ff56f4,数据帧,扩展帧,01,03 
3870,接收,16:51:25:438,,0x081e56f4,数据帧,扩展帧,04,00 01 00 00 
3871,接收,16:51:25:508,,0x18ff56f4,数据帧,扩展帧,01,03 
3872,接收,16:51:25:688,,0x081e56f4,数据帧,扩展帧,04,00 01 00 00 
3873,接收,16:51:25:760,,0x18ff56f4,数据帧,扩展帧,01,03 
3874,接收,16:51:25:940,,0x081e56f4,数据帧,扩展帧,04,00 01 00 00 
3875,接收,16:51:26:010,,0x18ff56f4,数据帧,扩展帧,01,03 
3876,接收,16:51:26:190,,0x081e56f4,数据帧,扩展帧,04,00 01 00 00 
3877,接收,16:51:26:260,,0x18ff56f4,数据帧,扩展帧,01,03 
3878,接收,16:51:26:440,,0x081e56f4,数据帧,扩展帧,04,00 01 00 00 
3879,接收,16:51:26:510,,0x18ff56f4,数据帧,扩展帧,01,03 
3880,接收,16:51:26:690,,0x081e56f4,数据帧,扩展帧,04,00 01 00 00 
3881,接收,16:51:26:762,,0x18ff56f4,数据帧,扩展帧,01,03 
3882,接收,16:51:26:932,,0x081e56f4,数据帧,扩展帧,04,00 01 00 00 
3883,接收,16:51:27:012,,0x18ff56f4,数据帧,扩展帧,01,03 
3884,接收,16:51:27:182,,0x081e56f4,数据帧,扩展帧,04,00 01 00 00 
3885,接收,16:51:27:262,,0x18ff56f4,数据帧,扩展帧,01,03 
3886,接收,16:51:27:432,,0x081e56f4,数据帧,扩展帧,04,00 01 00 00 
3887,接收,16:51:27:512,,0x18ff56f4,数据帧,扩展帧,01,03 
3888,接收,16:51:27:682,,0x081e56f4,数据帧,扩展帧,04,00 01 00 00 
3889,接收,16:51:27:765,,0x18ff56f4,数据帧,扩展帧,01,03 
3890,接收,16:51:27:935,,0x081e56f4,数据帧,扩展帧,04,00 01 00 00 
3891,接收,16:51:28:015,,0x18ff56f4,数据帧,扩展帧,01,03 
3892,接收,16:51:28:185,,0x081e56f4,数据帧,扩展帧,04,00 01 00 00 
3893,接收,16:51:28:265,,0x18ff56f4,数据帧,扩展帧,01,03 
3894,接收,16:51:28:435,,0x081e56f4,数据帧,扩展帧,04,00 01 00 00 
3895,接收,16:51:28:515,,0x18ff56f4,数据帧,扩展帧,01,03 
3896,接收,16:51:28:685,,0x081e56f4,数据帧,扩展帧,04,00 01 00 00 
3897,接收,16:51:28:756,,0x18ff56f4,数据帧,扩展帧,01,03 
3898,接收,16:51:28:936,,0x081e56f4,数据帧,扩展帧,04,00 01 00 00 
3899,接收,16:51:29:006,,0x18ff56f4,数据帧,扩展帧,01,03 
3900,接收,16:51:29:186,,0x081e56f4,数据帧,扩展帧,04,00 01 00 00 
3901,接收,16:51:29:256,,0x18ff56f4,数据帧,扩展帧,01,03 
3902,接收,16:51:29:436,,0x081e56f4,数据帧,扩展帧,04,00 01 00 00 
3903,接收,16:51:29:506,,0x18ff56f4,数据帧,扩展帧,01,03 
3904,接收,16:51:29:686,,0x081e56f4,数据帧,扩展帧,04,00 01 00 00 
3905,接收,16:51:29:758,,0x18ff56f4,数据帧,扩展帧,01,03 
3906,接收,16:51:29:938,,0x081e56f4,数据帧,扩展帧,04,00 01 00 00 
3907,接收,16:51:30:008,,0x18ff56f4,数据帧,扩展帧,01,03 
3908,接收,16:51:30:188,,0x081e56f4,数据帧,扩展帧,04,00 01 00 00 
3909,接收,16:51:30:258,,0x18ff56f4,数据帧,扩展帧,01,03 
3910,接收,16:51:30:438,,0x081e56f4,数据帧,扩展帧,04,00 01 00 00 
3911,接收,16:51:30:508,,0x18ff56f4,数据帧,扩展帧,01,03 
3912,接收,16:51:30:688,,0x081e56f4,数据帧,扩展帧,04,00 01 00 00 
3913,接收,16:51:30:760,,0x18ff56f4,数据帧,扩展帧,01,03 
3914,接收,16:51:30:940,,0x081e56f4,数据帧,扩展帧,04,00 01 00 00 
3915,接收,16:51:31:010,,0x18ff56f4,数据帧,扩展帧,01,03 
3916,接收,16:51:31:190,,0x081e56f4,数据帧,扩展帧,04,00 01 00 00 
3917,接收,16:51:31:260,,0x18ff56f4,数据帧,扩展帧,01,03 
3918,接收,16:51:31:440,,0x081e56f4,数据帧,扩展帧,04,00 01 00 00 
3919,接收,16:51:31:510,,0x18ff56f4,数据帧,扩展帧,01,03 
3920,接收,16:51:31:690,,0x081e56f4,数据帧,扩展帧,04,00 01 00 00 
3921,接收,16:51:31:761,,0x18ff56f4,数据帧,扩展帧,01,03 
3922,接收,16:51:31:931,,0x081e56f4,数据帧,扩展帧,04,00 01 00 00 
3923,接收,16:51:32:011,,0x18ff56f4,数据帧,扩展帧,01,03 
3924,接收,16:51:32:181,,0x081e56f4,数据帧,扩展帧,04,00 01 00 00 
3925,接收,16:51:32:261,,0x18ff56f4,数据帧,扩展帧,01,03 
3926,接收,16:51:32:431,,0x081e56f4,数据帧,扩展帧,04,00 01 00 00 
3927,接收,16:51:32:511,,0x18ff56f4,数据帧,扩展帧,01,03 
3928,接收,16:51:32:681,,0x081e56f4,数据帧,扩展帧,04,00 01 00 00 
3929,接收,16:51:32:762,,0x18ff56f4,数据帧,扩展帧,01,03 
3930,接收,16:51:32:933,,0x081e56f4,数据帧,扩展帧,04,00 01 00 00 
3931,接收,16:51:33:013,,0x18ff56f4,数据帧,扩展帧,01,03 
3932,接收,16:51:33:183,,0x081e56f4,数据帧,扩展帧,04,00 01 00 00 
3933,接收,16:51:33:263,,0x18ff56f4,数据帧,扩展帧,01,03 
3934,接收,16:51:33:433,,0x081e56f4,数据帧,扩展帧,04,00 01 00 00 
3935,接收,16:51:33:513,,0x18ff56f4,数据帧,扩展帧,01,03 
3936,接收,16:51:33:683,,0x081e56f4,数据帧,扩展帧,04,00 01 00 00 
3937,接收,16:51:33:765,,0x18ff56f4,数据帧,扩展帧,01,03 
3938,接收,16:51:33:935,,0x081e56f4,数据帧,扩展帧,04,00 01 00 00 
3939,接收,16:51:34:015,,0x18ff56f4,数据帧,扩展帧,01,03 
3940,接收,16:51:34:185,,0x081e56f4,数据帧,扩展帧,04,00 01 00 00 
3941,接收,16:51:34:265,,0x18ff56f4,数据帧,扩展帧,01,03 
3942,接收,16:51:34:435,,0x081e56f4,数据帧,扩展帧,04,00 01 00 00 
3943,接收,16:51:34:515,,0x18ff56f4,数据帧,扩展帧,01,03 
3944,接收,16:51:34:685,,0x081e56f4,数据帧,扩展帧,04,00 01 00 00 
3945,接收,16:51:34:756,,0x18ff56f4,数据帧,扩展帧,01,03 
3946,接收,16:51:34:936,,0x081e56f4,数据帧,扩展帧,04,00 01 00 00 
3947,接收,16:51:35:006,,0x18ff56f4,数据帧,扩展帧,01,03 
3948,接收,16:51:35:184,,0x081e56f4,数据帧,扩展帧,04,00 01 00 00 
3949,接收,16:51:35:264,,0x18ff56f4,数据帧,扩展帧,01,03 
3950,接收,16:51:35:434,,0x081e56f4,数据帧,扩展帧,04,00 01 00 00 
3951,接收,16:51:35:514,,0x18ff56f4,数据帧,扩展帧,01,03 
3952,接收,16:51:35:684,,0x081e56f4,数据帧,扩展帧,04,00 01 00 00 
3953,接收,16:51:35:765,,0x18ff56f4,数据帧,扩展帧,01,03 
3954,接收,16:51:35:935,,0x081e56f4,数据帧,扩展帧,04,00 01 00 00 
3955,接收,16:51:36:015,,0x18ff56f4,数据帧,扩展帧,01,03 
3956,接收,16:51:36:185,,0x081e56f4,数据帧,扩展帧,04,00 01 00 00 
3957,接收,16:51:36:265,,0x18ff56f4,数据帧,扩展帧,01,03 
3958,接收,16:51:36:435,,0x081e56f4,数据帧,扩展帧,04,00 01 00 00 
3959,接收,16:51:36:515,,0x18ff56f4,数据帧,扩展帧,01,03 
3960,接收,16:51:36:685,,0x081e56f4,数据帧,扩展帧,04,00 01 00 00 
3961,接收,16:51:36:757,,0x18ff56f4,数据帧,扩展帧,01,03 
3962,接收,16:51:36:937,,0x081e56f4,数据帧,扩展帧,04,00 01 00 00 
3963,接收,16:51:37:007,,0x18ff56f4,数据帧,扩展帧,01,03 
3964,接收,16:51:37:187,,0x081e56f4,数据帧,扩展帧,04,00 01 00 00 
3965,接收,16:51:37:257,,0x18ff56f4,数据帧,扩展帧,01,03 
3966,接收,16:51:37:437,,0x081e56f4,数据帧,扩展帧,04,00 01 00 00 
3967,接收,16:51:37:507,,0x18ff56f4,数据帧,扩展帧,01,03 
3968,接收,16:51:37:687,,0x081e56f4,数据帧,扩展帧,04,00 01 00 00 
3969,接收,16:51:37:761,,0x18ff56f4,数据帧,扩展帧,01,03 
3970,接收,16:51:37:941,,0x081e56f4,数据帧,扩展帧,04,00 01 00 00 
3971,接收,16:51:38:011,,0x18ff56f4,数据帧,扩展帧,01,03 
3972,接收,16:51:38:191,,0x081e56f4,数据帧,扩展帧,04,00 01 00 00 
3973,接收,16:51:38:261,,0x18ff56f4,数据帧,扩展帧,01,03 
3974,接收,16:51:38:441,,0x081e56f4,数据帧,扩展帧,04,00 01 00 00 
3975,接收,16:51:38:511,,0x18ff56f4,数据帧,扩展帧,01,03 
3976,接收,16:51:38:691,,0x081e56f4,数据帧,扩展帧,04,00 01 00 00 
3977,接收,16:51:38:762,,0x18ff56f4,数据帧,扩展帧,01,03 
3978,接收,16:51:38:932,,0x081e56f4,数据帧,扩展帧,04,00 01 00 00 
3979,接收,16:51:39:012,,0x18ff56f4,数据帧,扩展帧,01,03 
3980,接收,16:51:39:182,,0x081e56f4,数据帧,扩展帧,04,00 01 00 00 
3981,接收,16:51:39:262,,0x18ff56f4,数据帧,扩展帧,01,03 
3982,接收,16:51:39:432,,0x081e56f4,数据帧,扩展帧,04,00 01 00 00 
3983,接收,16:51:39:512,,0x18ff56f4,数据帧,扩展帧,01,03 
3984,接收,16:51:39:682,,0x081e56f4,数据帧,扩展帧,04,00 01 00 00 
3985,接收,16:51:39:763,,0x18ff56f4,数据帧,扩展帧,01,03 
3986,接收,16:51:39:933,,0x081e56f4,数据帧,扩展帧,04,00 01 00 00 
3987,接收,16:51:40:013,,0x18ff56f4,数据帧,扩展帧,01,03 
3988,接收,16:51:40:183,,0x081e56f4,数据帧,扩展帧,04,00 01 00 00 
3989,接收,16:51:40:263,,0x18ff56f4,数据帧,扩展帧,01,03 
3990,接收,16:51:40:433,,0x081e56f4,数据帧,扩展帧,04,00 01 00 00 
3991,接收,16:51:40:513,,0x18ff56f4,数据帧,扩展帧,01,03 
3992,接收,16:51:40:683,,0x081e56f4,数据帧,扩展帧,04,00 01 00 00 
3993,接收,16:51:40:756,,0x18ff56f4,数据帧,扩展帧,01,03 
3994,接收,16:51:40:936,,0x081e56f4,数据帧,扩展帧,04,00 01 00 00 
3995,接收,16:51:41:006,,0x18ff56f4,数据帧,扩展帧,01,03 
3996,接收,16:51:41:186,,0x081e56f4,数据帧,扩展帧,04,00 01 00 00 
3997,接收,16:51:41:256,,0x18ff56f4,数据帧,扩展帧,01,03 
3998,接收,16:51:41:436,,0x081e56f4,数据帧,扩展帧,04,00 01 00 00 
3999,接收,16:51:41:516,,0x18ff56f4,数据帧,扩展帧,01,03 
4000,接收,16:51:41:686,,0x081e56f4,数据帧,扩展帧,04,00 01 00 00 
4001,接收,16:51:41:757,,0x18ff56f4,数据帧,扩展帧,01,03 
4002,接收,16:51:41:937,,0x081e56f4,数据帧,扩展帧,04,00 01 00 00 
4003,接收,16:51:42:007,,0x18ff56f4,数据帧,扩展帧,01,03 
4004,接收,16:51:42:187,,0x081e56f4,数据帧,扩展帧,04,00 01 00 00 
4005,接收,16:51:42:257,,0x18ff56f4,数据帧,扩展帧,01,03 
4006,接收,16:51:42:437,,0x081e56f4,数据帧,扩展帧,04,00 01 00 00 
4007,接收,16:51:42:507,,0x18ff56f4,数据帧,扩展帧,01,03 
4008,接收,16:51:42:687,,0x081e56f4,数据帧,扩展帧,04,00 01 00 00 
4009,接收,16:51:42:759,,0x18ff56f4,数据帧,扩展帧,01,03 
4010,接收,16:51:42:939,,0x081e56f4,数据帧,扩展帧,04,00 01 00 00 
4011,接收,16:51:43:009,,0x18ff56f4,数据帧,扩展帧,01,03 
4012,接收,16:51:43:189,,0x081e56f4,数据帧,扩展帧,04,00 01 00 00 
4013,接收,16:51:43:259,,0x18ff56f4,数据帧,扩展帧,01,03 
4014,接收,16:51:43:439,,0x081e56f4,数据帧,扩展帧,04,00 01 00 00 
4015,接收,16:51:43:509,,0x18ff56f4,数据帧,扩展帧,01,03 
4016,接收,16:51:43:689,,0x081e56f4,数据帧,扩展帧,04,00 01 00 00 
4017,接收,16:51:43:760,,0x18ff56f4,数据帧,扩展帧,01,03 
4018,接收,16:51:43:940,,0x081e56f4,数据帧,扩展帧,04,00 01 00 00 
4019,接收,16:51:44:010,,0x18ff56f4,数据帧,扩展帧,01,03 
4020,接收,16:51:44:190,,0x081e56f4,数据帧,扩展帧,04,00 01 00 00 
4021,接收,16:51:44:260,,0x18ff56f4,数据帧,扩展帧,01,03 
4022,接收,16:51:44:440,,0x081e56f4,数据帧,扩展帧,04,00 01 00 00 
4023,接收,16:51:44:510,,0x18ff56f4,数据帧,扩展帧,01,03 
4024,接收,16:51:44:690,,0x081e56f4,数据帧,扩展帧,04,00 01 00 00 
4025,接收,16:51:44:763,,0x18ff56f4,数据帧,扩展帧,01,03 
4026,接收,16:51:44:933,,0x081e56f4,数据帧,扩展帧,04,00 01 00 00 
4027,接收,16:51:45:013,,0x18ff56f4,数据帧,扩展帧,01,03 
4028,接收,16:51:45:183,,0x081e56f4,数据帧,扩展帧,04,00 01 00 00 
4029,接收,16:51:45:263,,0x18ff56f4,数据帧,扩展帧,01,03 
4030,接收,16:51:45:433,,0x081e56f4,数据帧,扩展帧,04,00 01 00 00 
4031,接收,16:51:45:516,,0x18ff56f4,数据帧,扩展帧,01,03 
4032,接收,16:51:45:686,,0x081e56f4,数据帧,扩展帧,04,00 01 00 00 
4033,接收,16:51:45:758,,0x18ff56f4,数据帧,扩展帧,01,03 
4034,接收,16:51:45:938,,0x081e56f4,数据帧,扩展帧,04,00 01 00 00 
4035,接收,16:51:46:008,,0x18ff56f4,数据帧,扩展帧,01,03 
4036,接收,16:51:46:188,,0x081e56f4,数据帧,扩展帧,04,00 01 00 00 
4037,接收,16:51:46:258,,0x18ff56f4,数据帧,扩展帧,01,03 
4038,接收,16:51:46:438,,0x081e56f4,数据帧,扩展帧,04,00 01 00 00 
4039,接收,16:51:46:508,,0x18ff56f4,数据帧,扩展帧,01,03 
4040,接收,16:51:46:688,,0x081e56f4,数据帧,扩展帧,04,00 01 00 00 
4041,接收,16:51:46:759,,0x18ff56f4,数据帧,扩展帧,01,03 
4042,接收,16:51:46:939,,0x081e56f4,数据帧,扩展帧,04,00 01 00 00 
4043,接收,16:51:47:009,,0x18ff56f4,数据帧,扩展帧,01,03 
4044,接收,16:51:47:189,,0x081e56f4,数据帧,扩展帧,04,00 01 00 00 
4045,接收,16:51:47:259,,0x18ff56f4,数据帧,扩展帧,01,03 
4046,接收,16:51:47:439,,0x081e56f4,数据帧,扩展帧,04,00 01 00 00 
4047,接收,16:51:47:509,,0x18ff56f4,数据帧,扩展帧,01,03 
4048,接收,16:51:47:689,,0x081e56f4,数据帧,扩展帧,04,00 01 00 00 
4049,接收,16:51:47:761,,0x18ff56f4,数据帧,扩展帧,01,03 
4050,接收,16:51:47:941,,0x081e56f4,数据帧,扩展帧,04,00 01 00 00 
4051,接收,16:51:48:011,,0x18ff56f4,数据帧,扩展帧,01,03 
4052,接收,16:51:48:191,,0x081e56f4,数据帧,扩展帧,04,00 01 00 00 
4053,接收,16:51:48:261,,0x18ff56f4,数据帧,扩展帧,01,03 
4054,接收,16:51:48:441,,0x081e56f4,数据帧,扩展帧,04,00 01 00 00 
4055,接收,16:51:48:511,,0x18ff56f4,数据帧,扩展帧,01,03 
4056,接收,16:51:48:688,,0x081e56f4,数据帧,扩展帧,04,00 01 00 00 
4057,接收,16:51:48:764,,0x18ff56f4,数据帧,扩展帧,01,03 
4058,接收,16:51:48:934,,0x081e56f4,数据帧,扩展帧,04,00 01 00 00 
4059,接收,16:51:49:014,,0x18ff56f4,数据帧,扩展帧,01,03 
4060,接收,16:51:49:184,,0x081e56f4,数据帧,扩展帧,04,00 01 00 00 
4061,接收,16:51:49:264,,0x18ff56f4,数据帧,扩展帧,01,03 
4062,接收,16:51:49:434,,0x081e56f4,数据帧,扩展帧,04,00 01 00 00 
4063,接收,16:51:49:514,,0x18ff56f4,数据帧,扩展帧,01,03 
4064,接收,16:51:49:684,,0x081e56f4,数据帧,扩展帧,04,00 01 00 00 
4065,接收,16:51:49:765,,0x18ff56f4,数据帧,扩展帧,01,03 
4066,接收,16:51:49:935,,0x081e56f4,数据帧,扩展帧,04,00 01 00 00 
4067,接收,16:51:50:015,,0x18ff56f4,数据帧,扩展帧,01,03 
4068,接收,16:51:50:185,,0x081e56f4,数据帧,扩展帧,04,00 01 00 00 
4069,接收,16:51:50:262,,0x18ff56f4,数据帧,扩展帧,01,03 
4070,接收,16:51:50:432,,0x081e56f4,数据帧,扩展帧,04,00 01 00 00 
4071,接收,16:51:50:512,,0x18ff56f4,数据帧,扩展帧,01,03 
4072,接收,16:51:50:692,,0x081e56f4,数据帧,扩展帧,04,00 01 00 00 
4073,接收,16:51:50:763,,0x18ff56f4,数据帧,扩展帧,01,03 
4074,接收,16:51:50:933,,0x081e56f4,数据帧,扩展帧,04,00 01 00 00 
4075,接收,16:51:51:013,,0x18ff56f4,数据帧,扩展帧,01,03 
4076,接收,16:51:51:183,,0x081e56f4,数据帧,扩展帧,04,00 01 00 00 
4077,接收,16:51:51:263,,0x18ff56f4,数据帧,扩展帧,01,03 
4078,接收,16:51:51:433,,0x081e56f4,数据帧,扩展帧,04,00 01 00 00 
4079,接收,16:51:51:513,,0x18ff56f4,数据帧,扩展帧,01,03 
4080,接收,16:51:51:683,,0x081e56f4,数据帧,扩展帧,04,00 01 00 00 
4081,接收,16:51:51:759,,0x18ff56f4,数据帧,扩展帧,01,03 
4082,接收,16:51:51:939,,0x081e56f4,数据帧,扩展帧,04,00 01 00 00 
4083,接收,16:51:52:009,,0x18ff56f4,数据帧,扩展帧,01,03 
4084,接收,16:51:52:189,,0x081e56f4,数据帧,扩展帧,04,00 01 00 00 
4085,接收,16:51:52:259,,0x18ff56f4,数据帧,扩展帧,01,03 
4086,接收,16:51:52:439,,0x081e56f4,数据帧,扩展帧,04,00 01 00 00 
4087,接收,16:51:52:509,,0x18ff56f4,数据帧,扩展帧,01,03 
4088,接收,16:51:52:689,,0x081e56f4,数据帧,扩展帧,04,00 01 00 00 
4089,接收,16:51:52:760,,0x18ff56f4,数据帧,扩展帧,01,03 
4090,接收,16:51:52:940,,0x081e56f4,数据帧,扩展帧,04,00 01 00 00 
4091,接收,16:51:53:010,,0x18ff56f4,数据帧,扩展帧,01,03 
4092,接收,16:51:53:190,,0x081e56f4,数据帧,扩展帧,04,00 01 00 00 
4093,接收,16:51:53:260,,0x18ff56f4,数据帧,扩展帧,01,03 
4094,接收,16:51:53:440,,0x081e56f4,数据帧,扩展帧,04,00 01 00 00 
4095,接收,16:51:53:510,,0x18ff56f4,数据帧,扩展帧,01,03 
4096,接收,16:51:53:690,,0x081e56f4,数据帧,扩展帧,04,00 01 00 00 
4097,接收,16:51:53:761,,0x18ff56f4,数据帧,扩展帧,01,03 
4098,接收,16:51:53:941,,0x081e56f4,数据帧,扩展帧,04,00 01 00 00 
4099,接收,16:51:54:011,,0x18ff56f4,数据帧,扩展帧,01,03 
4100,接收,16:51:54:191,,0x081e56f4,数据帧,扩展帧,04,00 01 00 00 
4101,接收,16:51:54:261,,0x18ff56f4,数据帧,扩展帧,01,03 
4102,接收,16:51:54:441,,0x081e56f4,数据帧,扩展帧,04,00 01 00 00 
4103,接收,16:51:54:511,,0x18ff56f4,数据帧,扩展帧,01,03 
4104,接收,16:51:54:691,,0x081e56f4,数据帧,扩展帧,04,00 01 00 00 
4105,接收,16:51:54:762,,0x18ff56f4,数据帧,扩展帧,01,03 
4106,接收,16:51:54:932,,0x081e56f4,数据帧,扩展帧,04,00 01 00 00 
4107,接收,16:51:55:012,,0x18ff56f4,数据帧,扩展帧,01,03 
4108,接收,16:51:55:182,,0x081e56f4,数据帧,扩展帧,04,00 01 00 00 
4109,接收,16:51:55:262,,0x18ff56f4,数据帧,扩展帧,01,03 
4110,接收,16:51:55:432,,0x081e56f4,数据帧,扩展帧,04,00 01 00 00 
4111,接收,16:51:55:512,,0x18ff56f4,数据帧,扩展帧,01,03 
4112,接收,16:51:55:682,,0x081e56f4,数据帧,扩展帧,04,00 01 00 00 
4113,接收,16:51:55:757,,0x18ff56f4,数据帧,扩展帧,01,03 
4114,接收,16:51:55:937,,0x081e56f4,数据帧,扩展帧,04,00 01 00 00 
4115,接收,16:51:56:007,,0x18ff56f4,数据帧,扩展帧,01,03 
4116,接收,16:51:56:187,,0x081e56f4,数据帧,扩展帧,04,00 01 00 00 
4117,接收,16:51:56:258,,0x18ff56f4,数据帧,扩展帧,01,03 
4118,接收,16:51:56:437,,0x081e56f4,数据帧,扩展帧,04,00 01 00 00 
4119,接收,16:51:56:508,,0x18ff56f4,数据帧,扩展帧,01,03 
4120,接收,16:51:56:688,,0x081e56f4,数据帧,扩展帧,04,00 01 00 00 
4121,接收,16:51:56:758,,0x18ff56f4,数据帧,扩展帧,01,03 
4122,接收,16:51:56:939,,0x081e56f4,数据帧,扩展帧,04,00 01 00 00 
4123,接收,16:51:57:009,,0x18ff56f4,数据帧,扩展帧,01,03 
4124,接收,16:51:57:189,,0x081e56f4,数据帧,扩展帧,04,00 01 00 00 
4125,接收,16:51:57:259,,0x18ff56f4,数据帧,扩展帧,01,03 
4126,接收,16:51:57:439,,0x081e56f4,数据帧,扩展帧,04,00 01 00 00 
4127,接收,16:51:57:509,,0x18ff56f4,数据帧,扩展帧,01,03 
4128,接收,16:51:57:689,,0x081e56f4,数据帧,扩展帧,04,00 01 00 00 
4129,接收,16:51:57:758,,0x18ff56f4,数据帧,扩展帧,01,03 
4130,接收,16:51:57:938,,0x081e56f4,数据帧,扩展帧,04,00 01 00 00 
4131,接收,16:51:58:008,,0x18ff56f4,数据帧,扩展帧,01,03 
4132,接收,16:51:58:188,,0x081e56f4,数据帧,扩展帧,04,00 01 00 00 
4133,接收,16:51:58:258,,0x18ff56f4,数据帧,扩展帧,01,03 
4134,接收,16:51:58:438,,0x081e56f4,数据帧,扩展帧,04,00 01 00 00 
4135,接收,16:51:58:508,,0x18ff56f4,数据帧,扩展帧,01,03 
4136,接收,16:51:58:688,,0x081e56f4,数据帧,扩展帧,04,00 01 00 00 
4137,接收,16:51:58:760,,0x18ff56f4,数据帧,扩展帧,01,03 
4138,接收,16:51:58:940,,0x081e56f4,数据帧,扩展帧,04,00 01 00 00 
4139,接收,16:51:59:010,,0x18ff56f4,数据帧,扩展帧,01,03 
4140,接收,16:51:59:190,,0x081e56f4,数据帧,扩展帧,04,00 01 00 00 
4141,接收,16:51:59:260,,0x18ff56f4,数据帧,扩展帧,01,03 
4142,接收,16:51:59:440,,0x081e56f4,数据帧,扩展帧,04,00 01 00 00 
4143,接收,16:51:59:510,,0x18ff56f4,数据帧,扩展帧,01,03 
4144,接收,16:51:59:690,,0x081e56f4,数据帧,扩展帧,04,00 01 00 00 
4145,接收,16:51:59:761,,0x18ff56f4,数据帧,扩展帧,01,03 
4146,接收,16:51:59:941,,0x081e56f4,数据帧,扩展帧,04,00 01 00 00 
4147,接收,16:52:00:011,,0x18ff56f4,数据帧,扩展帧,01,03 
4148,接收,16:52:00:192,,0x081e56f4,数据帧,扩展帧,04,00 01 00 00 
4149,接收,16:52:00:261,,0x18ff56f4,数据帧,扩展帧,01,03 
4150,接收,16:52:00:432,,0x081e56f4,数据帧,扩展帧,04,00 01 00 00 
4151,接收,16:52:00:512,,0x18ff56f4,数据帧,扩展帧,01,03 
4152,接收,16:52:00:692,,0x081e56f4,数据帧,扩展帧,04,00 01 00 00 
4153,接收,16:52:00:767,,0x18ff56f4,数据帧,扩展帧,01,03 
4154,接收,16:52:00:937,,0x081e56f4,数据帧,扩展帧,04,00 01 00 00 
4155,接收,16:52:01:017,,0x18ff56f4,数据帧,扩展帧,01,03 
4156,接收,16:52:01:187,,0x081e56f4,数据帧,扩展帧,04,00 01 00 00 
4157,接收,16:52:01:257,,0x18ff56f4,数据帧,扩展帧,01,03 
4158,接收,16:52:01:437,,0x081e56f4,数据帧,扩展帧,04,00 01 00 00 
4159,接收,16:52:01:517,,0x18ff56f4,数据帧,扩展帧,01,03 
4160,接收,16:52:01:687,,0x081e56f4,数据帧,扩展帧,04,00 01 00 00 
4161,接收,16:52:01:758,,0x18ff56f4,数据帧,扩展帧,01,03 
4162,接收,16:52:01:938,,0x081e56f4,数据帧,扩展帧,04,00 01 00 00 
4163,接收,16:52:02:008,,0x18ff56f4,数据帧,扩展帧,01,03 
4164,接收,16:52:02:188,,0x081e56f4,数据帧,扩展帧,04,00 01 00 00 
4165,接收,16:52:02:258,,0x18ff56f4,数据帧,扩展帧,01,03 
4166,接收,16:52:02:438,,0x081e56f4,数据帧,扩展帧,04,00 01 00 00 
4167,接收,16:52:02:508,,0x18ff56f4,数据帧,扩展帧,01,03 
4168,接收,16:52:02:688,,0x081e56f4,数据帧,扩展帧,04,00 01 00 00 
4169,接收,16:52:02:759,,0x18ff56f4,数据帧,扩展帧,01,03 
4170,接收,16:52:02:939,,0x081e56f4,数据帧,扩展帧,04,00 01 00 00 
4171,接收,16:52:03:009,,0x18ff56f4,数据帧,扩展帧,01,03 
4172,接收,16:52:03:189,,0x081e56f4,数据帧,扩展帧,04,00 01 00 00 
4173,接收,16:52:03:259,,0x18ff56f4,数据帧,扩展帧,01,03 
4174,接收,16:52:03:439,,0x081e56f4,数据帧,扩展帧,04,00 01 00 00 
4175,接收,16:52:03:509,,0x18ff56f4,数据帧,扩展帧,01,03 
4176,接收,16:52:03:689,,0x081e56f4,数据帧,扩展帧,04,00 01 00 00 
4177,接收,16:52:03:760,,0x18ff56f4,数据帧,扩展帧,01,03 
4178,接收,16:52:03:940,,0x081e56f4,数据帧,扩展帧,04,00 01 00 00 
4179,接收,16:52:04:010,,0x18ff56f4,数据帧,扩展帧,01,03 
4180,接收,16:52:04:190,,0x081e56f4,数据帧,扩展帧,04,00 01 00 00 
4181,接收,16:52:04:260,,0x18ff56f4,数据帧,扩展帧,01,03 
4182,接收,16:52:04:440,,0x081e56f4,数据帧,扩展帧,04,00 01 00 00 
4183,接收,16:52:04:510,,0x18ff56f4,数据帧,扩展帧,01,03 
4184,接收,16:52:04:690,,0x081e56f4,数据帧,扩展帧,04,00 01 00 00 
4185,接收,16:52:04:761,,0x18ff56f4,数据帧,扩展帧,01,03 
4186,接收,16:52:04:941,,0x081e56f4,数据帧,扩展帧,04,00 01 00 00 
4187,接收,16:52:05:011,,0x18ff56f4,数据帧,扩展帧,01,03 
4188,接收,16:52:05:191,,0x081e56f4,数据帧,扩展帧,04,00 01 00 00 
4189,接收,16:52:05:261,,0x18ff56f4,数据帧,扩展帧,01,03 
4190,接收,16:52:05:441,,0x081e56f4,数据帧,扩展帧,04,00 01 00 00 
4191,接收,16:52:05:511,,0x18ff56f4,数据帧,扩展帧,01,03 
4192,接收,16:52:05:691,,0x081e56f4,数据帧,扩展帧,04,00 01 00 00 
4193,接收,16:52:05:764,,0x18ff56f4,数据帧,扩展帧,01,03 
4194,接收,16:52:05:934,,0x081e56f4,数据帧,扩展帧,04,00 01 00 00 
4195,接收,16:52:06:014,,0x18ff56f4,数据帧,扩展帧,01,03 
4196,接收,16:52:06:184,,0x081e56f4,数据帧,扩展帧,04,00 01 00 00 
4197,接收,16:52:06:264,,0x18ff56f4,数据帧,扩展帧,01,03 
4198,接收,16:52:06:434,,0x081e56f4,数据帧,扩展帧,04,00 01 00 00 
4199,接收,16:52:06:514,,0x18ff56f4,数据帧,扩展帧,01,03 
4200,接收,16:52:06:684,,0x081e56f4,数据帧,扩展帧,04,00 01 00 00 
4201,接收,16:52:06:765,,0x18ff56f4,数据帧,扩展帧,01,03 
4202,接收,16:52:06:935,,0x081e56f4,数据帧,扩展帧,04,00 01 00 00 
4203,接收,16:52:07:015,,0x18ff56f4,数据帧,扩展帧,01,03 
4204,接收,16:52:07:185,,0x081e56f4,数据帧,扩展帧,04,00 01 00 00 
4205,接收,16:52:07:265,,0x18ff56f4,数据帧,扩展帧,01,03 
4206,接收,16:52:07:435,,0x081e56f4,数据帧,扩展帧,04,00 01 00 00 
4207,接收,16:52:07:515,,0x18ff56f4,数据帧,扩展帧,01,03 
4208,接收,16:52:07:685,,0x081e56f4,数据帧,扩展帧,04,00 01 00 00 
4209,接收,16:52:07:766,,0x18ff56f4,数据帧,扩展帧,01,03 
4210,接收,16:52:07:936,,0x081e56f4,数据帧,扩展帧,04,00 01 00 00 
4211,接收,16:52:08:016,,0x18ff56f4,数据帧,扩展帧,01,03 
4212,接收,16:52:08:186,,0x081e56f4,数据帧,扩展帧,04,00 01 00 00 
4213,接收,16:52:08:266,,0x18ff56f4,数据帧,扩展帧,01,03 
4214,接收,16:52:08:436,,0x081e56f4,数据帧,扩展帧,04,00 01 00 00 
4215,接收,16:52:08:516,,0x18ff56f4,数据帧,扩展帧,01,03 
4216,接收,16:52:08:686,,0x081e56f4,数据帧,扩展帧,04,00 01 00 00 
4217,接收,16:52:08:757,,0x18ff56f4,数据帧,扩展帧,01,03 
4218,接收,16:52:08:938,,0x081e56f4,数据帧,扩展帧,04,00 01 00 00 
4219,接收,16:52:09:007,,0x18ff56f4,数据帧,扩展帧,01,03 
4220,接收,16:52:09:188,,0x081e56f4,数据帧,扩展帧,04,00 01 00 00 
4221,接收,16:52:09:258,,0x18ff56f4,数据帧,扩展帧,01,03 
4222,接收,16:52:09:438,,0x081e56f4,数据帧,扩展帧,04,00 01 00 00 
4223,接收,16:52:09:508,,0x18ff56f4,数据帧,扩展帧,01,03 
4224,接收,16:52:09:688,,0x081e56f4,数据帧,扩展帧,04,00 01 00 00 
4225,接收,16:52:09:759,,0x18ff56f4,数据帧,扩展帧,01,03 
4226,接收,16:52:09:939,,0x081e56f4,数据帧,扩展帧,04,00 01 00 00 
4227,接收,16:52:10:009,,0x18ff56f4,数据帧,扩展帧,01,03 
4228,接收,16:52:10:189,,0x081e56f4,数据帧,扩展帧,04,00 01 00 00 
4229,接收,16:52:10:259,,0x18ff56f4,数据帧,扩展帧,01,03 
4230,接收,16:52:10:439,,0x081e56f4,数据帧,扩展帧,04,00 01 00 00 
4231,接收,16:52:10:509,,0x18ff56f4,数据帧,扩展帧,01,03 
4232,接收,16:52:10:689,,0x081e56f4,数据帧,扩展帧,04,00 01 00 00 
4233,接收,16:52:10:761,,0x18ff56f4,数据帧,扩展帧,01,03 
4234,接收,16:52:10:941,,0x081e56f4,数据帧,扩展帧,04,00 01 00 00 
4235,接收,16:52:11:011,,0x18ff56f4,数据帧,扩展帧,01,03 
4236,接收,16:52:11:187,,0x081e56f4,数据帧,扩展帧,04,00 01 00 00 
4237,接收,16:52:11:257,,0x18ff56f4,数据帧,扩展帧,01,03 
4238,接收,16:52:11:437,,0x081e56f4,数据帧,扩展帧,04,00 01 00 00 
4239,接收,16:52:11:517,,0x18ff56f4,数据帧,扩展帧,01,03 
4240,接收,16:52:11:687,,0x081e56f4,数据帧,扩展帧,04,00 01 00 00 
4241,接收,16:52:11:758,,0x18ff56f4,数据帧,扩展帧,01,03 
4242,接收,16:52:11:938,,0x081e56f4,数据帧,扩展帧,04,00 01 00 00 
4243,接收,16:52:12:008,,0x18ff56f4,数据帧,扩展帧,01,03 
4244,接收,16:52:12:188,,0x081e56f4,数据帧,扩展帧,04,00 01 00 00 
4245,接收,16:52:12:258,,0x18ff56f4,数据帧,扩展帧,01,03 
4246,接收,16:52:12:438,,0x081e56f4,数据帧,扩展帧,04,00 01 00 00 
4247,接收,16:52:12:508,,0x18ff56f4,数据帧,扩展帧,01,03 
4248,接收,16:52:12:688,,0x081e56f4,数据帧,扩展帧,04,00 01 00 00 
4249,接收,16:52:12:761,,0x18ff56f4,数据帧,扩展帧,01,03 
4250,接收,16:52:12:941,,0x081e56f4,数据帧,扩展帧,04,00 01 00 00 
4251,接收,16:52:13:011,,0x18ff56f4,数据帧,扩展帧,01,03 
4252,接收,16:52:13:191,,0x081e56f4,数据帧,扩展帧,04,00 01 00 00 
4253,接收,16:52:13:261,,0x18ff56f4,数据帧,扩展帧,01,03 
4254,接收,16:52:13:441,,0x081e56f4,数据帧,扩展帧,04,00 01 00 00 
4255,接收,16:52:13:511,,0x18ff56f4,数据帧,扩展帧,01,03 
4256,接收,16:52:13:691,,0x081e56f4,数据帧,扩展帧,04,00 01 00 00 
4257,接收,16:52:13:766,,0x18ff56f4,数据帧,扩展帧,01,03 
4258,接收,16:52:13:936,,0x081e56f4,数据帧,扩展帧,04,00 01 00 00 
4259,接收,16:52:14:016,,0x18ff56f4,数据帧,扩展帧,01,03 
4260,接收,16:52:14:186,,0x081e56f4,数据帧,扩展帧,04,00 01 00 00 
4261,接收,16:52:14:266,,0x18ff56f4,数据帧,扩展帧,01,03 
4262,接收,16:52:14:436,,0x081e56f4,数据帧,扩展帧,04,00 01 00 00 
4263,接收,16:52:14:516,,0x18ff56f4,数据帧,扩展帧,01,03 
4264,接收,16:52:14:686,,0x081e56f4,数据帧,扩展帧,04,00 01 00 00 
4265,接收,16:52:14:767,,0x18ff56f4,数据帧,扩展帧,01,03 
4266,接收,16:52:14:937,,0x081e56f4,数据帧,扩展帧,04,00 01 00 00 
4267,接收,16:52:15:017,,0x18ff56f4,数据帧,扩展帧,01,03 
4268,接收,16:52:15:187,,0x081e56f4,数据帧,扩展帧,04,00 01 00 00 
4269,接收,16:52:15:267,,0x18ff56f4,数据帧,扩展帧,01,03 
4270,接收,16:52:15:437,,0x081e56f4,数据帧,扩展帧,04,00 01 00 00 
4271,接收,16:52:15:517,,0x18ff56f4,数据帧,扩展帧,01,03 
4272,接收,16:52:15:687,,0x081e56f4,数据帧,扩展帧,04,00 01 00 00 
4273,接收,16:52:15:759,,0x18ff56f4,数据帧,扩展帧,01,03 
4274,接收,16:52:15:939,,0x081e56f4,数据帧,扩展帧,04,00 01 00 00 
4275,接收,16:52:16:009,,0x18ff56f4,数据帧,扩展帧,01,03 
4276,接收,16:52:16:189,,0x081e56f4,数据帧,扩展帧,04,00 01 00 00 
4277,接收,16:52:16:259,,0x18ff56f4,数据帧,扩展帧,01,03 
4278,接收,16:52:16:439,,0x081e56f4,数据帧,扩展帧,04,00 01 00 00 
4279,接收,16:52:16:509,,0x18ff56f4,数据帧,扩展帧,01,03 
4280,接收,16:52:16:689,,0x081e56f4,数据帧,扩展帧,04,00 01 00 00 
4281,接收,16:52:16:760,,0x18ff56f4,数据帧,扩展帧,01,03 
4282,接收,16:52:16:940,,0x081e56f4,数据帧,扩展帧,04,00 01 00 00 
4283,接收,16:52:17:010,,0x18ff56f4,数据帧,扩展帧,01,03 
4284,接收,16:52:17:190,,0x081e56f4,数据帧,扩展帧,04,00 01 00 00 
4285,接收,16:52:17:260,,0x18ff56f4,数据帧,扩展帧,01,03 
4286,接收,16:52:17:440,,0x081e56f4,数据帧,扩展帧,04,00 01 00 00 
4287,接收,16:52:17:510,,0x18ff56f4,数据帧,扩展帧,01,03 
4288,接收,16:52:17:690,,0x081e56f4,数据帧,扩展帧,04,00 01 00 00 
4289,接收,16:52:17:761,,0x18ff56f4,数据帧,扩展帧,01,03 
4290,接收,16:52:17:941,,0x081e56f4,数据帧,扩展帧,04,00 01 00 00 
4291,接收,16:52:18:011,,0x18ff56f4,数据帧,扩展帧,01,03 
4292,接收,16:52:18:191,,0x081e56f4,数据帧,扩展帧,04,00 01 00 00 
4293,接收,16:52:18:261,,0x18ff56f4,数据帧,扩展帧,01,03 
4294,接收,16:52:18:441,,0x081e56f4,数据帧,扩展帧,04,00 01 00 00 
4295,接收,16:52:18:511,,0x18ff56f4,数据帧,扩展帧,01,03 
4296,接收,16:52:18:691,,0x081e56f4,数据帧,扩展帧,04,00 01 00 00 
4297,接收,16:52:18:766,,0x18ff56f4,数据帧,扩展帧,01,03 
4298,接收,16:52:18:936,,0x081e56f4,数据帧,扩展帧,04,00 01 00 00 
4299,接收,16:52:19:016,,0x18ff56f4,数据帧,扩展帧,01,03 
4300,接收,16:52:19:186,,0x081e56f4,数据帧,扩展帧,04,00 01 00 00 
4301,接收,16:52:19:266,,0x18ff56f4,数据帧,扩展帧,01,03 
4302,接收,16:52:19:436,,0x081e56f4,数据帧,扩展帧,04,00 01 00 00 
4303,接收,16:52:19:516,,0x18ff56f4,数据帧,扩展帧,01,03 
4304,接收,16:52:19:686,,0x081e56f4,数据帧,扩展帧,04,00 01 00 00 
4305,接收,16:52:19:768,,0x18ff56f4,数据帧,扩展帧,01,03 
4306,接收,16:52:19:938,,0x081e56f4,数据帧,扩展帧,04,00 01 00 00 
4307,接收,16:52:20:018,,0x18ff56f4,数据帧,扩展帧,01,03 
4308,接收,16:52:20:188,,0x081e56f4,数据帧,扩展帧,04,00 01 00 00 
4309,接收,16:52:20:258,,0x18ff56f4,数据帧,扩展帧,01,03 
4310,接收,16:52:20:438,,0x081e56f4,数据帧,扩展帧,04,00 01 00 00 
4311,接收,16:52:20:518,,0x18ff56f4,数据帧,扩展帧,01,03 
4312,接收,16:52:20:693,,0x081e56f4,数据帧,扩展帧,04,00 01 00 00 
4313,接收,16:52:20:765,,0x18ff56f4,数据帧,扩展帧,01,03 
4314,接收,16:52:20:935,,0x081e56f4,数据帧,扩展帧,04,00 01 00 00 
4315,接收,16:52:21:015,,0x18ff56f4,数据帧,扩展帧,01,03 
4316,接收,16:52:21:185,,0x081e56f4,数据帧,扩展帧,04,00 01 00 00 
4317,接收,16:52:21:265,,0x18ff56f4,数据帧,扩展帧,01,03 
4318,接收,16:52:21:435,,0x081e56f4,数据帧,扩展帧,04,00 01 00 00 
4319,接收,16:52:21:515,,0x18ff56f4,数据帧,扩展帧,01,03 
4320,接收,16:52:21:685,,0x081e56f4,数据帧,扩展帧,04,00 01 00 00 
4321,接收,16:52:21:766,,0x18ff56f4,数据帧,扩展帧,01,03 
4322,接收,16:52:21:936,,0x081e56f4,数据帧,扩展帧,04,00 01 00 00 
4323,接收,16:52:22:016,,0x18ff56f4,数据帧,扩展帧,01,03 
4324,接收,16:52:22:191,,0x081e56f4,数据帧,扩展帧,04,00 01 00 00 
4325,接收,16:52:22:261,,0x18ff56f4,数据帧,扩展帧,01,03 
4326,接收,16:52:22:441,,0x081e56f4,数据帧,扩展帧,04,00 01 00 00 
4327,接收,16:52:22:511,,0x18ff56f4,数据帧,扩展帧,01,03 
4328,接收,16:52:22:691,,0x081e56f4,数据帧,扩展帧,04,00 01 00 00 
4329,接收,16:52:22:763,,0x18ff56f4,数据帧,扩展帧,01,03 
4330,接收,16:52:22:933,,0x081e56f4,数据帧,扩展帧,04,00 01 00 00 
4331,接收,16:52:23:013,,0x18ff56f4,数据帧,扩展帧,01,03 
4332,接收,16:52:23:183,,0x081e56f4,数据帧,扩展帧,04,00 01 00 00 
4333,接收,16:52:23:263,,0x18ff56f4,数据帧,扩展帧,01,03 
4334,接收,16:52:23:433,,0x081e56f4,数据帧,扩展帧,04,00 01 00 00 
4335,接收,16:52:23:513,,0x18ff56f4,数据帧,扩展帧,01,03 
4336,接收,16:52:23:683,,0x081e56f4,数据帧,扩展帧,04,00 01 00 00 
4337,接收,16:52:23:765,,0x18ff56f4,数据帧,扩展帧,01,03 
4338,接收,16:52:23:935,,0x081e56f4,数据帧,扩展帧,04,00 01 00 00 
4339,接收,16:52:24:015,,0x18ff56f4,数据帧,扩展帧,01,03 
4340,接收,16:52:24:185,,0x081e56f4,数据帧,扩展帧,04,00 01 00 00 
4341,接收,16:52:24:265,,0x18ff56f4,数据帧,扩展帧,01,03 
4342,接收,16:52:24:435,,0x081e56f4,数据帧,扩展帧,04,00 01 00 00 
4343,接收,16:52:24:515,,0x18ff56f4,数据帧,扩展帧,01,03 
4344,接收,16:52:24:685,,0x081e56f4,数据帧,扩展帧,04,00 01 00 00 
4345,接收,16:52:24:766,,0x18ff56f4,数据帧,扩展帧,01,03 
4346,接收,16:52:24:936,,0x081e56f4,数据帧,扩展帧,04,00 01 00 00 
4347,接收,16:52:25:016,,0x18ff56f4,数据帧,扩展帧,01,03 
4348,接收,16:52:25:186,,0x081e56f4,数据帧,扩展帧,04,00 01 00 00 
4349,接收,16:52:25:266,,0x18ff56f4,数据帧,扩展帧,01,03 
4350,接收,16:52:25:436,,0x081e56f4,数据帧,扩展帧,04,00 01 00 00 
4351,接收,16:52:25:516,,0x18ff56f4,数据帧,扩展帧,01,03 
4352,接收,16:52:25:686,,0x081e56f4,数据帧,扩展帧,04,00 01 00 00 
4353,接收,16:52:25:767,,0x18ff56f4,数据帧,扩展帧,01,03 
4354,接收,16:52:25:937,,0x081e56f4,数据帧,扩展帧,04,00 01 00 00 
4355,接收,16:52:26:017,,0x18ff56f4,数据帧,扩展帧,01,03 
4356,接收,16:52:26:187,,0x081e56f4,数据帧,扩展帧,04,00 01 00 00 
4357,接收,16:52:26:267,,0x18ff56f4,数据帧,扩展帧,01,03 
4358,接收,16:52:26:437,,0x081e56f4,数据帧,扩展帧,04,00 01 00 00 
4359,接收,16:52:26:517,,0x18ff56f4,数据帧,扩展帧,01,03 
4360,接收,16:52:26:687,,0x081e56f4,数据帧,扩展帧,04,00 01 00 00 
4361,接收,16:52:26:759,,0x18ff56f4,数据帧,扩展帧,01,03 
4362,接收,16:52:26:939,,0x081e56f4,数据帧,扩展帧,04,00 01 00 00 
4363,接收,16:52:27:009,,0x18ff56f4,数据帧,扩展帧,01,03 
4364,接收,16:52:27:189,,0x081e56f4,数据帧,扩展帧,04,00 01 00 00 
4365,接收,16:52:27:259,,0x18ff56f4,数据帧,扩展帧,01,03 
4366,接收,16:52:27:439,,0x081e56f4,数据帧,扩展帧,04,00 01 00 00 
4367,接收,16:52:27:509,,0x18ff56f4,数据帧,扩展帧,01,03 
4368,接收,16:52:27:689,,0x081e56f4,数据帧,扩展帧,04,00 01 00 00 
4369,接收,16:52:27:760,,0x18ff56f4,数据帧,扩展帧,01,03 
4370,接收,16:52:27:940,,0x081e56f4,数据帧,扩展帧,04,00 01 00 00 
4371,接收,16:52:28:010,,0x18ff56f4,数据帧,扩展帧,01,03 
4372,接收,16:52:28:190,,0x081e56f4,数据帧,扩展帧,04,00 01 00 00 
4373,接收,16:52:28:260,,0x18ff56f4,数据帧,扩展帧,01,03 
4374,接收,16:52:28:440,,0x081e56f4,数据帧,扩展帧,04,00 01 00 00 
4375,接收,16:52:28:510,,0x18ff56f4,数据帧,扩展帧,01,03 
4376,接收,16:52:28:690,,0x081e56f4,数据帧,扩展帧,04,00 01 00 00 
4377,接收,16:52:28:762,,0x18ff56f4,数据帧,扩展帧,01,03 
4378,接收,16:52:28:942,,0x081e56f4,数据帧,扩展帧,04,00 01 00 00 
4379,接收,16:52:29:012,,0x18ff56f4,数据帧,扩展帧,01,03 
4380,接收,16:52:29:192,,0x081e56f4,数据帧,扩展帧,04,00 01 00 00 
4381,接收,16:52:29:262,,0x18ff56f4,数据帧,扩展帧,01,03 
4382,接收,16:52:29:442,,0x081e56f4,数据帧,扩展帧,04,00 01 00 00 
4383,接收,16:52:29:512,,0x18ff56f4,数据帧,扩展帧,01,03 
4384,接收,16:52:29:692,,0x081e56f4,数据帧,扩展帧,04,00 01 00 00 
4385,接收,16:52:29:763,,0x18ff56f4,数据帧,扩展帧,01,03 
4386,接收,16:52:29:933,,0x081e56f4,数据帧,扩展帧,04,00 01 00 00 
4387,接收,16:52:30:013,,0x18ff56f4,数据帧,扩展帧,01,03 
4388,接收,16:52:30:193,,0x081e56f4,数据帧,扩展帧,04,00 01 00 00 
4389,接收,16:52:30:263,,0x18ff56f4,数据帧,扩展帧,01,03 
4390,接收,16:52:30:433,,0x081e56f4,数据帧,扩展帧,04,00 01 00 00 
4391,接收,16:52:30:513,,0x18ff56f4,数据帧,扩展帧,01,03 
4392,接收,16:52:30:683,,0x081e56f4,数据帧,扩展帧,04,00 01 00 00 
4393,接收,16:52:30:765,,0x18ff56f4,数据帧,扩展帧,01,03 
4394,接收,16:52:30:935,,0x081e56f4,数据帧,扩展帧,04,00 01 00 00 
4395,接收,16:52:31:015,,0x18ff56f4,数据帧,扩展帧,01,03 
4396,接收,16:52:31:185,,0x081e56f4,数据帧,扩展帧,04,00 01 00 00 
4397,接收,16:52:31:265,,0x18ff56f4,数据帧,扩展帧,01,03 
4398,接收,16:52:31:435,,0x081e56f4,数据帧,扩展帧,04,00 01 00 00 
4399,接收,16:52:31:515,,0x18ff56f4,数据帧,扩展帧,01,03 
4400,接收,16:52:31:685,,0x081e56f4,数据帧,扩展帧,04,00 01 00 00 
4401,接收,16:52:31:766,,0x18ff56f4,数据帧,扩展帧,01,03 
4402,接收,16:52:31:936,,0x081e56f4,数据帧,扩展帧,04,00 01 00 00 
4403,接收,16:52:32:016,,0x18ff56f4,数据帧,扩展帧,01,03 
4404,接收,16:52:32:186,,0x081e56f4,数据帧,扩展帧,04,00 01 00 00 
4405,接收,16:52:32:266,,0x18ff56f4,数据帧,扩展帧,01,03 
4406,接收,16:52:32:436,,0x081e56f4,数据帧,扩展帧,04,00 01 00 00 
4407,接收,16:52:32:516,,0x18ff56f4,数据帧,扩展帧,01,03 
4408,接收,16:52:32:686,,0x081e56f4,数据帧,扩展帧,04,00 01 00 00 
4409,接收,16:52:32:767,,0x18ff56f4,数据帧,扩展帧,01,03 
4410,接收,16:52:32:937,,0x081e56f4,数据帧,扩展帧,04,00 01 00 00 
4411,接收,16:52:33:017,,0x18ff56f4,数据帧,扩展帧,01,03 
4412,接收,16:52:33:183,,0x081e56f4,数据帧,扩展帧,04,00 01 00 00 
4413,接收,16:52:33:263,,0x18ff56f4,数据帧,扩展帧,01,03 
4414,接收,16:52:33:443,,0x081e56f4,数据帧,扩展帧,04,00 01 00 00 
4415,接收,16:52:33:513,,0x18ff56f4,数据帧,扩展帧,01,03 
4416,接收,16:52:33:693,,0x081e56f4,数据帧,扩展帧,04,00 01 00 00 
4417,接收,16:52:33:764,,0x18ff56f4,数据帧,扩展帧,01,03 
4418,接收,16:52:33:934,,0x081e56f4,数据帧,扩展帧,04,00 01 00 00 
4419,接收,16:52:34:014,,0x18ff56f4,数据帧,扩展帧,01,03 
4420,接收,16:52:34:184,,0x081e56f4,数据帧,扩展帧,04,00 01 00 00 
4421,接收,16:52:34:264,,0x18ff56f4,数据帧,扩展帧,01,03 
4422,接收,16:52:34:434,,0x081e56f4,数据帧,扩展帧,04,00 01 00 00 
4423,接收,16:52:34:514,,0x18ff56f4,数据帧,扩展帧,01,03 
4424,接收,16:52:34:684,,0x081e56f4,数据帧,扩展帧,04,00 01 00 00 
4425,接收,16:52:34:765,,0x18ff56f4,数据帧,扩展帧,01,03 
4426,接收,16:52:34:935,,0x081e56f4,数据帧,扩展帧,04,00 01 00 00 
4427,接收,16:52:35:015,,0x18ff56f4,数据帧,扩展帧,01,03 
4428,接收,16:52:35:185,,0x081e56f4,数据帧,扩展帧,04,00 01 00 00 
4429,接收,16:52:35:265,,0x18ff56f4,数据帧,扩展帧,01,03 
4430,接收,16:52:35:435,,0x081e56f4,数据帧,扩展帧,04,00 01 00 00 
4431,接收,16:52:35:515,,0x18ff56f4,数据帧,扩展帧,01,03 
4432,接收,16:52:35:685,,0x081e56f4,数据帧,扩展帧,04,00 01 00 00 
4433,接收,16:52:35:766,,0x18ff56f4,数据帧,扩展帧,01,03 
4434,接收,16:52:35:936,,0x081e56f4,数据帧,扩展帧,04,00 01 00 00 
4435,接收,16:52:36:016,,0x18ff56f4,数据帧,扩展帧,01,03 
4436,接收,16:52:36:186,,0x081e56f4,数据帧,扩展帧,04,00 01 00 00 
4437,接收,16:52:36:266,,0x18ff56f4,数据帧,扩展帧,01,03 
4438,接收,16:52:36:436,,0x081e56f4,数据帧,扩展帧,04,00 01 00 00 
4439,接收,16:52:36:516,,0x18ff56f4,数据帧,扩展帧,01,03 
4440,接收,16:52:36:686,,0x081e56f4,数据帧,扩展帧,04,00 01 00 00 
4441,接收,16:52:36:768,,0x18ff56f4,数据帧,扩展帧,01,03 
4442,接收,16:52:36:938,,0x081e56f4,数据帧,扩展帧,04,00 01 00 00 
4443,接收,16:52:37:018,,0x18ff56f4,数据帧,扩展帧,01,03 
4444,接收,16:52:37:188,,0x081e56f4,数据帧,扩展帧,04,00 01 00 00 
4445,接收,16:52:37:268,,0x18ff56f4,数据帧,扩展帧,01,03 
4446,接收,16:52:37:438,,0x081e56f4,数据帧,扩展帧,04,00 01 00 00 
4447,接收,16:52:37:518,,0x18ff56f4,数据帧,扩展帧,01,03 
4448,接收,16:52:37:688,,0x081e56f4,数据帧,扩展帧,04,00 01 00 00 
4449,接收,16:52:37:759,,0x18ff56f4,数据帧,扩展帧,01,03 
4450,接收,16:52:37:939,,0x081e56f4,数据帧,扩展帧,04,00 01 00 00 
4451,接收,16:52:38:009,,0x18ff56f4,数据帧,扩展帧,01,03 
4452,接收,16:52:38:189,,0x081e56f4,数据帧,扩展帧,04,00 01 00 00 
4453,接收,16:52:38:259,,0x18ff56f4,数据帧,扩展帧,01,03 
4454,接收,16:52:38:439,,0x081e56f4,数据帧,扩展帧,04,00 01 00 00 
4455,接收,16:52:38:509,,0x18ff56f4,数据帧,扩展帧,01,03 
4456,接收,16:52:38:689,,0x081e56f4,数据帧,扩展帧,04,00 01 00 00 
4457,接收,16:52:38:773,,0x18ff56f4,数据帧,扩展帧,01,03 
4458,接收,16:52:38:943,,0x081e56f4,数据帧,扩展帧,04,00 01 00 00 
4459,接收,16:52:39:013,,0x18ff56f4,数据帧,扩展帧,01,03 
4460,接收,16:52:39:183,,0x081e56f4,数据帧,扩展帧,04,00 01 00 00 
4461,接收,16:52:39:263,,0x18ff56f4,数据帧,扩展帧,01,03 
4462,接收,16:52:39:433,,0x081e56f4,数据帧,扩展帧,04,00 01 00 00 
4463,接收,16:52:39:514,,0x18ff56f4,数据帧,扩展帧,01,03 
4464,接收,16:52:39:694,,0x081e56f4,数据帧,扩展帧,04,00 01 00 00 
4465,接收,16:52:39:765,,0x18ff56f4,数据帧,扩展帧,01,03 
4466,接收,16:52:39:935,,0x081e56f4,数据帧,扩展帧,04,00 01 00 00 
4467,接收,16:52:40:015,,0x18ff56f4,数据帧,扩展帧,01,03 
4468,接收,16:52:40:185,,0x081e56f4,数据帧,扩展帧,04,00 01 00 00 
4469,接收,16:52:40:265,,0x18ff56f4,数据帧,扩展帧,01,03 
4470,接收,16:52:40:435,,0x081e56f4,数据帧,扩展帧,04,00 01 00 00 
4471,接收,16:52:40:515,,0x18ff56f4,数据帧,扩展帧,01,03 
4472,接收,16:52:40:685,,0x081e56f4,数据帧,扩展帧,04,00 01 00 00 
4473,接收,16:52:40:766,,0x18ff56f4,数据帧,扩展帧,01,03 
